usec since Unix Start         Energy     El.      Az.     TDOA12  TDOA13  TDOA14  TDOA23  TDOA24  TDOA34  Xcorr12   Xcorr13   Xcorr14   Xcorr23   Xcorr24   Xcorr34   
1724367982682020           411.07263 91.46575 -35.72842 -0.00043 0.00014 0.00018 0.00058 0.00062 0.00004 322.35339 292.07480 545.84692 607.83972 435.71066 482.38034 
1724367983197860           270.57166 91.77393 -35.73043 -0.00044 0.00014 0.00018 0.00058 0.00062 0.00004 299.43994 298.00241 531.62030 572.81567 446.51672 433.62585 
1724367983713700           128.39740 91.14700 -35.95501 -0.00043 0.00015 0.00018 0.00058 0.00062 0.00004 208.36386 219.11505 343.77985 371.60541 204.01443 252.93349 
1724367984408100           153.61522 91.77393 -35.73043 -0.00044 0.00014 0.00018 0.00058 0.00062 0.00004 270.38336 326.44965 408.52753 419.20123 338.19995 377.56311 
1724367985132260           116.80604 91.77393 -35.73043 -0.00044 0.00014 0.00018 0.00058 0.00062 0.00004 188.37106 209.26991 302.80856 269.52432 271.98822 249.77487 
1724367993147620           104.88612 91.77393 -35.73043 -0.00044 0.00014 0.00018 0.00058 0.00062 0.00004 161.82590 108.42089 236.57440 275.48624 145.70515 165.80560 
1724367993673380           107.16930 91.77393 -35.73043 -0.00044 0.00014 0.00018 0.00058 0.00062 0.00004 220.08630 219.62434 288.69653 303.48358 162.47800 190.89713 
1724367994724900           138.87686 91.77393 -35.73043 -0.00044 0.00014 0.00018 0.00058 0.00062 0.00004 291.63043 232.32837 340.51245 365.49432 275.79846 241.47444 
1724367995300260           106.06007 91.77393 -35.73043 -0.00044 0.00014 0.00018 0.00058 0.00062 0.00004 197.68442 244.08070 211.75934 302.67426 226.95915 174.86829 
1724367996867620           103.51160 105.67245 119.41498 0.00004 0.00015 -0.00182 0.00012 -0.00475 0.00510 124.75007 167.39700 106.29535 97.20132 106.59351 103.93947 
1724368004664740           101.29534 91.83198 -36.33221 -0.00044 0.00014 0.00018 0.00058 0.00061 0.00003 264.85779 231.77750 182.35022 236.39340 193.28076 186.76254 
1724368005190500           103.68450 132.90070 127.36415 -0.00508 0.00009 0.00012 -0.00496 -0.00341 0.00003 92.66647 140.34653 296.91806 98.27646 107.17480 398.33975 
1724368005200420           188.66823 169.63315 3.61145 -0.00044 -0.00042 -0.00038 0.00002 0.00006 0.00004 335.05304 257.11203 223.65627 187.21088 154.96230 284.03107 
1724368005716260           105.01591 92.17640 -36.52200 -0.00044 0.00014 0.00017 0.00058 0.00061 0.00003 167.96294 160.37686 160.72220 132.30597 129.48422 137.33997 
1724368007323300           120.06183 91.83198 -36.33221 -0.00044 0.00014 0.00018 0.00058 0.00061 0.00003 331.53009 290.33679 206.13351 261.97662 157.15964 231.73654 
