Timestamp (microseconds)      Peak Amplitude
1699174861000570                 510
1699174861010490                 510
1699174861020410                 510
1699174861030330                 510
1699174861040250                 510
1699174861050170                 510
1699174861060090                 510
1699174861070010                 510
1699174861079930                 510
1699174861089850                 510
1699174861099770                 510
1699174861109690                 510
1699174861119610                 510
1699174861129530                 510
1699174861139450                 510
1699174861149370                 510
1699174861159290                 510
1699174861169210                 510
1699174861179130                 510
1699174861189050                 510
1699174861198970                 510
1699174861208890                 510
1699174861218810                 510
1699174861228730                 510
1699174861238650                 510
1699174861248570                 510
1699174861258490                 510
1699174861268410                 510
1699174861278330                 510
1699174861288250                 510
1699174861298170                 510
1699174861308090                 510
1699174861318010                 510
1699174861327930                 510
1699174861337850                 510
1699174861347770                 510
1699174861357690                 510
1699174861367610                 510
1699174861377530                 510
1699174861387450                 510
1699174861397370                 510
1699174861407290                 510
1699174861417210                 510
1699174861427130                 510
1699174861437050                 510
1699174861446970                 510
1699174861456890                 510
1699174861466810                 510
1699174861476730                 510
1699174861486650                 510
1699174861496570                 510
1699174861506490                 510
1699174861516410                 510
1699174861526330                 510
1699174861536250                 510
1699174861546170                 510
1699174861556090                 510
1699174861566010                 510
1699174861575930                 510
1699174861585850                 510
1699174861595770                 510
1699174861605690                 510
1699174861615610                 510
1699174861625530                 510
1699174861635450                 510
1699174861645370                 510
1699174861655290                 510
1699174861665210                 510
1699174861675130                 510
1699174861685050                 510
1699174861694970                 510
1699174861704890                 510
1699174861714810                 510
1699174861724730                 510
1699174861734650                 510
1699174861744570                 510
1699174861754490                 510
1699174861764410                 510
1699174861774330                 510
1699174861784250                 510
1699174861794170                 510
1699174861804090                 510
1699174861814010                 510
1699174861823930                 510
1699174861833850                 510
1699174861843770                 510
1699174861853690                 510
1699174861863610                 510
1699174861873530                 510
1699174861883450                 510
1699174861893370                 510
1699174861903290                 510
1699174861913210                 510
1699174861923130                 510
1699174861933050                 510
1699174861942970                 510
1699174861952890                 510
1699174861962810                 510
1699174861972730                 510
1699174861982650                 510
1699174861992570                 510
1699174862002490                 510
1699174862012410                 510
1699174862022330                 510
1699174862032250                 510
1699174862042170                 510
1699174862052090                 510
1699174862062010                 510
1699174862071930                 510
1699174862081850                 510
1699174862091770                 510
1699174862101690                 510
1699174862111610                 510
1699174862121530                 510
1699174862131450                 510
1699174862141370                 510
1699174862151290                 510
1699174862161210                 510
1699174862171130                 510
1699174862181050                 510
1699174862190970                 510
1699174862200890                 510
1699174862210810                 510
1699174862220730                 510
1699174862230650                 510
1699174862240570                 510
1699174862250490                 510
1699174862260410                 510
1699174862270330                 510
1699174862280250                 510
1699174862290170                 510
1699174862300090                 510
1699174862310010                 510
1699174862319930                 510
1699174862329850                 510
1699174862339770                 510
1699174862349690                 510
1699174862359610                 510
1699174862369530                 510
1699174862379450                 510
1699174862389370                 510
1699174862399290                 510
1699174862409210                 510
1699174862419130                 510
1699174862429050                 510
1699174862438970                 510
1699174862448890                 510
1699174862458810                 510
1699174862468730                 510
1699174862478650                 510
1699174862488570                 510
1699174862498490                 510
1699174862508410                 510
1699174862518330                 510
1699174862528250                 510
1699174862538170                 510
1699174862548090                 510
1699174862558010                 510
1699174862567930                 510
1699174862577850                 510
1699174862587770                 510
1699174862597690                 510
1699174862607610                 510
1699174862617530                 510
1699174862627450                 510
1699174862637370                 510
1699174862647290                 510
1699174862657210                 510
1699174862667130                 510
1699174862677050                 510
1699174862686970                 510
1699174862696890                 510
1699174862706810                 510
1699174862716730                 510
1699174862726650                 510
1699174862736570                 510
1699174862746490                 510
1699174862756410                 510
1699174862766330                 510
1699174862776250                 510
1699174862786170                 510
1699174862796090                 510
1699174862806010                 510
1699174862815930                 510
1699174862825850                 510
1699174862835770                 510
1699174862845690                 510
1699174862855610                 510
1699174862865530                 510
1699174862875450                 510
1699174862885370                 510
1699174862895290                 510
1699174862905210                 510
1699174862915130                 510
1699174862925050                 510
1699174862934970                 510
1699174862944890                 510
1699174862954810                 510
1699174862964730                 510
1699174862974650                 510
1699174862984570                 510
1699174862994490                 510
1699174863004410                 510
1699174863014330                 510
1699174863024250                 510
1699174863034170                 510
1699174863044090                 510
1699174863054010                 510
1699174863063930                 510
1699174863073850                 510
1699174863083770                 510
1699174863093690                 510
1699174863103610                 510
1699174863113530                 510
1699174863123450                 510
1699174863133370                 510
1699174863143290                 510
1699174863153210                 510
1699174863163130                 510
1699174863173050                 510
1699174863182970                 510
1699174863192890                 510
1699174863202810                 510
1699174863212730                 510
1699174863222650                 510
1699174863232570                 510
1699174863242490                 510
1699174863252410                 510
1699174863262330                 510
1699174863272250                 510
1699174863282170                 510
1699174863292090                 510
1699174863302010                 510
1699174863311930                 510
1699174863321850                 510
1699174863331770                 510
1699174863341690                 510
1699174863351610                 510
1699174863361530                 510
1699174863371450                 510
1699174863381370                 510
1699174863391290                 510
1699174863401210                 510
1699174863411130                 510
1699174863421050                 510
1699174863430970                 510
1699174863440890                 510
1699174863450810                 510
1699174863460730                 510
1699174863470650                 510
1699174863480570                 510
1699174863490490                 510
1699174863500410                 510
1699174863510330                 510
1699174863520250                 510
1699174863530170                 510
1699174863540090                 510
1699174863550010                 510
1699174863559930                 510
1699174863569850                 510
1699174863579770                 510
1699174863589690                 510
1699174863599610                 510
1699174863609530                 510
1699174863619450                 510
1699174863629370                 510
1699174863639290                 510
1699174863649210                 510
1699174863659130                 510
1699174863669050                 510
1699174863678970                 510
1699174863688890                 510
1699174863698810                 510
1699174863708730                 510
1699174863718650                 510
1699174863728570                 510
1699174863738490                 510
1699174863748410                 510
1699174863758330                 510
1699174863768250                 510
1699174863778170                 510
1699174863788090                 510
1699174863798010                 510
1699174863807930                 510
1699174863817850                 510
1699174863827770                 510
1699174863837690                 510
1699174863847610                 510
1699174863857530                 510
1699174863867450                 510
1699174863877370                 510
1699174863887290                 510
1699174863897210                 510
1699174863907130                 510
1699174863917050                 510
1699174863926970                 510
1699174863936890                 510
1699174863946810                 510
1699174863956730                 510
1699174863966650                 510
1699174863976570                 510
1699174863986490                 510
1699174863996410                 510
1699174864006330                 510
1699174864016250                 510
1699174864026170                 510
1699174864036090                 510
1699174864046010                 510
1699174864055930                 510
1699174864065850                 510
1699174864075770                 510
1699174864085690                 510
1699174864095610                 510
1699174864105530                 510
1699174864115450                 510
1699174864125370                 510
1699174864135290                 510
1699174864145210                 510
1699174864155130                 510
1699174864165050                 510
1699174864174970                 510
1699174864184890                 510
1699174864194810                 510
1699174864204730                 510
1699174864214650                 510
1699174864224570                 510
1699174864234490                 510
1699174864244410                 510
1699174864254330                 510
1699174864264250                 510
1699174864274170                 510
1699174864284090                 510
1699174864294010                 510
1699174864303930                 510
1699174864313850                 510
1699174864323770                 510
1699174864333690                 510
1699174864343610                 510
1699174864353530                 510
1699174864363450                 510
1699174864373370                 510
1699174864383290                 510
1699174864393210                 510
1699174864403130                 510
1699174864413050                 510
1699174864422970                 510
1699174864432890                 510
1699174864442810                 510
1699174864452730                 510
1699174864462650                 510
1699174864472570                 510
1699174864482490                 510
1699174864492410                 510
1699174864502330                 510
1699174864512250                 510
1699174864522170                 510
1699174864532090                 510
1699174864542010                 510
1699174864551930                 510
1699174864561850                 510
1699174864571770                 510
1699174864581690                 510
1699174864591610                 510
1699174864601530                 510
1699174864611450                 510
1699174864621370                 510
1699174864631290                 510
1699174864641210                 510
1699174864651130                 510
1699174864661050                 510
1699174864670970                 510
1699174864680890                 510
1699174864690810                 510
1699174864700730                 510
1699174864710650                 510
1699174864720570                 510
1699174864730490                 510
1699174864740410                 510
1699174864750330                 510
1699174864760250                 510
1699174864770170                 510
1699174864780090                 510
1699174864790010                 510
1699174864799930                 510
1699174864809850                 510
1699174864819770                 510
1699174864829690                 510
1699174864839610                 510
1699174864849530                 510
1699174864859450                 510
1699174864869370                 510
1699174864879290                 510
1699174864889210                 510
1699174864899130                 510
1699174864909050                 510
1699174864918970                 510
1699174864928890                 510
1699174864938810                 510
1699174864948730                 510
1699174864958650                 510
1699174864968570                 510
1699174864978490                 510
1699174864988410                 510
1699174864998330                 510
1699174865008250                 510
1699174865018170                 510
1699174865028090                 510
1699174865038010                 510
1699174865047930                 510
1699174865057850                 510
1699174865067770                 510
1699174865077690                 510
1699174865087610                 510
1699174865097530                 510
1699174865107450                 510
1699174865117370                 510
1699174865127290                 510
1699174865137210                 510
1699174865147130                 510
1699174865157050                 510
1699174865166970                 510
1699174865176890                 510
1699174865186810                 510
1699174865196730                 510
1699174865206650                 510
1699174865216570                 510
1699174865226490                 510
1699174865236410                 510
1699174865246330                 510
1699174865256250                 510
1699174865266170                 510
1699174865276090                 510
1699174865286010                 510
1699174865295930                 510
1699174865305850                 510
1699174865315770                 510
1699174865325690                 510
1699174865335610                 510
1699174865345530                 510
1699174865355450                 510
1699174865365370                 510
1699174865375290                 510
1699174865385210                 510
1699174865395130                 510
1699174865405050                 510
1699174865414970                 510
1699174865424890                 510
1699174865434810                 510
1699174865444730                 510
1699174865454650                 510
1699174865464570                 510
1699174865474490                 510
1699174865484410                 510
1699174865494330                 510
1699174865504250                 510
1699174865514170                 510
1699174865524090                 510
1699174865534010                 510
1699174865543930                 510
1699174865553850                 510
1699174865563770                 510
1699174865573690                 510
1699174865583610                 510
1699174865593530                 510
1699174865603450                 510
1699174865613370                 510
1699174865623290                 510
1699174865633210                 510
1699174865643130                 510
1699174865653050                 510
1699174865662970                 510
1699174865672890                 510
1699174865682810                 510
1699174865692730                 510
1699174865702650                 510
1699174865712570                 510
1699174865722490                 510
1699174865732410                 510
1699174865742330                 510
1699174865752250                 510
1699174865762170                 510
1699174865772090                 510
1699174865782010                 510
1699174865791930                 510
1699174865801850                 510
1699174865811770                 510
1699174865821690                 510
1699174865831610                 510
1699174865841530                 510
1699174865851450                 510
1699174865861370                 510
1699174865871290                 510
1699174865881210                 510
1699174865891130                 510
1699174865901050                 510
1699174865910970                 510
1699174865920890                 510
1699174865930810                 510
1699174865940730                 510
1699174865950650                 510
1699174865960570                 510
1699174865970490                 510
1699174865980410                 510
1699174865990330                 510
1699174866000250                 510
1699174866010170                 510
1699174866020090                 510
1699174866030010                 510
1699174866039930                 510
1699174866049850                 510
1699174866059770                 510
1699174866069690                 510
1699174866079610                 510
1699174866089530                 510
1699174866099450                 510
1699174866109370                 510
1699174866119290                 510
1699174866129210                 510
1699174866139130                 510
1699174866149050                 510
1699174866158970                 510
1699174866168890                 510
1699174866178810                 510
1699174866188730                 510
1699174866198650                 510
1699174866208570                 510
1699174866218490                 510
1699174866228410                 510
1699174866238330                 510
1699174866248250                 510
1699174866258170                 510
1699174866268090                 510
1699174866278010                 510
1699174866287930                 510
1699174866297850                 510
1699174866307770                 510
1699174866317690                 510
1699174866327610                 510
1699174866337530                 510
1699174866347450                 510
1699174866357370                 510
1699174866367290                 510
1699174866377210                 510
1699174866387130                 510
1699174866397050                 510
1699174866406970                 510
1699174866416890                 510
1699174866426810                 510
1699174866436730                 510
1699174866446650                 510
1699174866456570                 510
1699174866466490                 510
1699174866476410                 510
1699174866486330                 510
1699174866496250                 510
1699174866506170                 510
1699174866516090                 510
1699174866526010                 510
1699174866535930                 510
1699174866545850                 510
1699174866555770                 510
1699174866565690                 510
1699174866575610                 510
1699174866585530                 510
1699174866595450                 510
1699174866605370                 510
1699174866615290                 510
1699174866625210                 510
1699174866635130                 510
1699174866645050                 510
1699174866654970                 510
1699174866664890                 510
1699174866674810                 510
1699174866684730                 510
1699174866694650                 510
1699174866704570                 510
1699174866714490                 510
1699174866724410                 510
1699174866734330                 510
1699174866744250                 510
1699174866754170                 510
1699174866764090                 510
1699174866774010                 510
1699174866783930                 510
1699174866793850                 510
1699174866803770                 510
1699174866813690                 510
1699174866823610                 510
1699174866833530                 510
1699174866843450                 510
1699174866853370                 510
1699174866863290                 510
1699174866873210                 510
1699174866883130                 510
1699174866893050                 510
1699174866902970                 510
1699174866912890                 510
1699174866922810                 510
1699174866932730                 510
1699174866942650                 510
1699174866952570                 510
1699174866962490                 510
1699174866972410                 510
1699174866982330                 510
1699174866992250                 510
1699174867002170                 510
1699174867012090                 510
1699174867022010                 510
1699174867031930                 510
1699174867041850                 510
1699174867051770                 510
1699174867061690                 510
1699174867071610                 510
1699174867081530                 510
1699174867091450                 510
1699174867101370                 510
1699174867111290                 510
1699174867121210                 510
1699174867131130                 510
1699174867141050                 510
1699174867150970                 510
1699174867160890                 510
1699174867170810                 510
1699174867180730                 510
1699174867190650                 510
1699174867200570                 510
1699174867210490                 510
1699174867220410                 510
1699174867230330                 510
1699174867240250                 510
1699174867250170                 510
1699174867260090                 510
1699174867270010                 510
1699174867279930                 510
1699174867289850                 510
1699174867299770                 510
1699174867309690                 510
1699174867319610                 510
1699174867329530                 510
1699174867339450                 510
1699174867349370                 510
1699174867359290                 510
1699174867369210                 510
1699174867379130                 510
1699174867389050                 510
1699174867398970                 510
1699174867408890                 510
1699174867418810                 510
1699174867428730                 510
1699174867438650                 510
1699174867448570                 510
1699174867458490                 510
1699174867468410                 510
1699174867478330                 510
1699174867488250                 510
1699174867498170                 510
1699174867508090                 510
1699174867518010                 510
1699174867527930                 510
1699174867537850                 510
1699174867547770                 510
1699174867557690                 510
1699174867567610                 510
1699174867577530                 510
1699174867587450                 510
1699174867597370                 510
1699174867607290                 510
1699174867617210                 510
1699174867627130                 510
1699174867637050                 510
1699174867646970                 510
1699174867656890                 510
1699174867666810                 510
1699174867676730                 510
1699174867686650                 510
1699174867696570                 510
1699174867706490                 510
1699174867716410                 510
1699174867726330                 510
1699174867736250                 510
1699174867746170                 510
1699174867756090                 510
1699174867766010                 510
1699174867775930                 510
1699174867785850                 510
1699174867795770                 510
1699174867805690                 510
1699174867815610                 510
1699174867825530                 510
1699174867835450                 510
1699174867845370                 510
1699174867855290                 510
1699174867865210                 510
1699174867875130                 510
1699174867885050                 510
1699174867894970                 510
1699174867904890                 510
1699174867914810                 510
1699174867924730                 510
1699174867934650                 510
1699174867944570                 510
1699174867954490                 510
1699174867964410                 510
1699174867974330                 510
1699174867984250                 510
1699174867994170                 510
1699174868004090                 510
1699174868014010                 510
1699174868023930                 510
1699174868033850                 510
1699174868043770                 510
1699174868053690                 510
1699174868063610                 510
1699174868073530                 510
1699174868083450                 510
1699174868093370                 510
1699174868103290                 510
1699174868113210                 510
1699174868123130                 510
1699174868133050                 510
1699174868142970                 510
1699174868152890                 510
1699174868162810                 510
1699174868172730                 510
1699174868182650                 510
1699174868192570                 510
1699174868202490                 510
1699174868212410                 510
1699174868222330                 510
1699174868232250                 510
1699174868242170                 510
1699174868252090                 510
1699174868262010                 510
1699174868271930                 510
1699174868281850                 510
1699174868291770                 510
1699174868301690                 510
1699174868311610                 510
1699174868321530                 510
1699174868331450                 510
1699174868341370                 510
1699174868351290                 510
1699174868361210                 510
1699174868371130                 510
1699174868381050                 510
1699174868390970                 510
1699174868400890                 510
1699174868410810                 510
1699174868420730                 510
1699174868430650                 510
1699174868440570                 510
1699174868450490                 510
1699174868460410                 510
1699174868470330                 510
1699174868480250                 510
1699174868490170                 510
1699174868500090                 510
1699174868510010                 510
1699174868519930                 510
1699174868529850                 510
1699174868539770                 510
1699174868549690                 510
1699174868559610                 510
1699174868569530                 510
1699174868579450                 510
1699174868589370                 510
1699174868599290                 510
1699174868609210                 510
1699174868619130                 510
1699174868629050                 510
1699174868638970                 510
1699174868648890                 510
1699174868658810                 510
1699174868668730                 510
1699174868678650                 510
1699174868688570                 510
1699174868698490                 510
1699174868708410                 510
1699174868718330                 510
1699174868728250                 510
1699174868738170                 510
1699174868748090                 510
1699174868758010                 510
1699174868767930                 510
1699174868777850                 510
1699174868787770                 510
1699174868797690                 510
1699174868807610                 510
1699174868817530                 510
1699174868827450                 510
1699174868837370                 510
1699174868847290                 510
1699174868857210                 510
1699174868867130                 510
1699174868877050                 510
1699174868886970                 510
1699174868896890                 510
1699174868906810                 510
1699174868916730                 510
1699174868926650                 510
1699174868936570                 510
1699174868946490                 510
1699174868956410                 510
1699174868966330                 510
1699174868976250                 510
1699174868986170                 510
1699174868996090                 510
1699174869006010                 510
1699174869015930                 510
1699174869025850                 510
1699174869035770                 510
1699174869045690                 510
1699174869055610                 510
1699174869065530                 510
1699174869075450                 510
1699174869085370                 510
1699174869095290                 510
1699174869105210                 510
1699174869115130                 510
1699174869125050                 510
1699174869134970                 510
1699174869144890                 510
1699174869154810                 510
1699174869164730                 510
1699174869174650                 510
1699174869184570                 510
1699174869194490                 510
1699174869204410                 510
1699174869214330                 510
1699174869224250                 510
1699174869234170                 510
1699174869244090                 510
1699174869254010                 510
1699174869263930                 510
1699174869273850                 510
1699174869283770                 510
1699174869293690                 510
1699174869303610                 510
1699174869313530                 510
1699174869323450                 510
1699174869333370                 510
1699174869343290                 510
1699174869353210                 510
1699174869363130                 510
1699174869373050                 510
1699174869382970                 510
1699174869392890                 510
1699174869402810                 510
1699174869412730                 510
1699174869422650                 510
1699174869432570                 510
1699174869442490                 510
1699174869452410                 510
1699174869462330                 510
1699174869472250                 510
1699174869482170                 510
1699174869492090                 510
1699174869502010                 510
1699174869511930                 510
1699174869521850                 510
1699174869531770                 510
1699174869541690                 510
1699174869551610                 510
1699174869561530                 510
1699174869571450                 510
1699174869581370                 510
1699174869591290                 510
1699174869601210                 510
1699174869611130                 510
1699174869621050                 510
1699174869630970                 510
1699174869640890                 510
1699174869650810                 510
1699174869660730                 510
1699174869670650                 510
1699174869680570                 510
1699174869690490                 510
1699174869700410                 510
1699174869710330                 510
1699174869720250                 510
1699174869730170                 510
1699174869740090                 510
1699174869750010                 510
1699174869759930                 510
1699174869769850                 510
1699174869779770                 510
1699174869789690                 510
1699174869799610                 510
1699174869809530                 510
1699174869819450                 510
1699174869829370                 510
1699174869839290                 510
1699174869849210                 510
1699174869859130                 510
1699174869869050                 510
1699174869878970                 510
1699174869888890                 510
1699174869898810                 510
1699174869908730                 510
1699174869918650                 510
1699174869928570                 510
1699174869938490                 510
1699174869948410                 510
1699174869958330                 510
1699174869968250                 510
1699174869978170                 510
1699174869988090                 510
1699174869998010                 510
1699174870007930                 510
1699174870017850                 510
1699174870027770                 510
1699174870037690                 510
1699174870047610                 510
1699174870057530                 510
1699174870067450                 510
1699174870077370                 510
1699174870087290                 510
1699174870097210                 510
1699174870107130                 510
1699174870117050                 510
1699174870126970                 510
1699174870136890                 510
1699174870146810                 510
1699174870156730                 510
1699174870166650                 510
1699174870176570                 510
1699174870186490                 510
1699174870196410                 510
1699174870206330                 510
1699174870216250                 510
1699174870226170                 510
1699174870236090                 510
1699174870246010                 510
1699174870255930                 510
1699174870265850                 510
1699174870275770                 510
1699174870285690                 510
1699174870295610                 510
1699174870305530                 510
1699174870315450                 510
1699174870325370                 510
1699174870335290                 510
1699174870345210                 510
1699174870355130                 510
1699174870365050                 510
1699174870374970                 510
1699174870384890                 510
1699174870394810                 510
1699174870404730                 510
1699174870414650                 510
1699174870424570                 510
1699174870434490                 510
1699174870444410                 510
1699174870454330                 510
1699174870464250                 510
1699174870474170                 510
1699174870484090                 510
1699174870494010                 510
1699174870503930                 510
1699174870513850                 510
1699174870523770                 510
1699174870533690                 510
1699174870543610                 510
1699174870553530                 510
1699174870563450                 510
1699174870573370                 510
1699174870583290                 510
1699174870593210                 510
1699174870603130                 510
1699174870613050                 510
1699174870622970                 510
1699174870632890                 510
1699174870642810                 510
1699174870652730                 510
1699174870662650                 510
1699174870672570                 510
1699174870682490                 510
1699174870692410                 510
1699174870702330                 510
1699174870712250                 510
1699174870722170                 510
1699174870732090                 510
1699174870742010                 510
1699174870751930                 510
1699174870761850                 510
1699174870771770                 510
1699174870781690                 510
1699174870791610                 510
1699174870801530                 510
1699174870811450                 510
1699174870821370                 510
1699174870831290                 510
1699174870841210                 510
1699174870851130                 510
1699174870861050                 510
1699174870870970                 510
1699174870880890                 510
1699174870890810                 510
1699174870900730                 510
1699174870910650                 510
