Timestamp (microseconds)      Peak Amplitude
1724198650061382            -0.00231 -0.00289 -0.00294 -0.00248 -0.00252 -0.00310 
1724198650579302             0.00183 0.00125 0.00120 0.00163 0.00165 0.00107 
1724198651092552            -0.00355 -0.00413 -0.00411 -0.00364 -0.00369 -0.00427 
1724198651792852             0.00845 0.00787 0.00783 0.00829 0.00825 0.00767 
1724198652509162            -0.00728 -0.00786 -0.00788 -0.00741 -0.00743 -0.00801 
1724198660529832             0.00328 0.00270 0.00262 0.00314 0.00303 0.00245 
1724198661055772             0.00364 0.00304 0.00295 0.00346 0.00346 0.00286 
1724198661577292             0.00017 0.00004 -0.00008 0.00005 0.00004 0.00015 
1724198662109582             0.00811 0.00753 0.00751 0.00798 0.00799 0.00735 
1724198662678892            -0.00385 -0.00443 -0.00445 -0.00398 -0.00403 -0.00461 
1724198672048092             0.00559 0.00499 0.00490 0.00543 0.00541 0.00477 
1724198672576192             0.00073 0.00979 0.00977 0.00060 0.00061 0.00969 
1724198672576252            -0.00938 -0.00941 -0.00945 -0.00900 -0.00901 -0.00022 
1724198673096362            -0.00098 -0.00156 -0.00156 -0.00055 -0.00061 -0.00172 
1724198674702332            -0.00308 -0.00366 -0.00371 -0.00322 -0.00327 -0.00385 
1724198675202292             0.00483 0.00429 0.00426 0.00473 0.00471 0.00413 
1724198675698232             0.00472 0.00412 0.00409 0.00456 0.00453 0.00396 
1724198678652722             0.00136 0.00078 0.00077 0.00122 0.00121 0.00063 
1724198682410392            -0.00266 -0.00326 -0.00326 -0.00282 -0.00282 -0.00342 
1724198690028802            -0.00274 -0.00331 -0.00334 -0.00288 -0.00290 -0.00348 
1724198690522642            -0.00726 -0.00780 -0.00783 -0.00740 -0.00739 -0.00797 
1724198691525242            -0.00038 0.00003 -0.00039 -0.00003 -0.00004 0.00004 
1724198691997332             0.00022 0.00522 0.00001 0.00017 0.00045 -0.00013 
1724198695539222             0.00679 0.00621 0.00618 0.00665 0.00662 0.00604 
1724198696015532             0.00710 0.00652 0.00646 0.00695 0.00693 0.00635 
1724198696529242             0.00272 0.00215 0.00212 0.00258 0.00255 0.00198 
1724198783395972            -0.00265 -0.00324 -0.00326 -0.00277 -0.00283 -0.00342 
1724198785541282             0.00245 0.00186 0.00183 0.00226 0.00227 0.00168 
1724198786036412             0.00084 0.00025 0.00022 0.00069 0.00066 0.00007 
1724198786534792            -0.00019 0.00492 0.00489 0.00019 0.00533 0.00474 
1724198787010182             0.00402 0.00343 0.00340 0.00383 0.00384 0.00325 
1724198789237932            -0.00447 -0.00506 -0.00509 -0.00465 -0.00465 -0.00530 
1724198789824172            -0.00257 -0.00316 -0.00319 -0.00276 -0.00275 -0.00334 
1724198800420602             0.00124 0.00065 0.00066 -0.00045 0.00106 0.00047 
1724198813329872             0.00007 0.00091 0.00128 -0.00009 -0.00010 -0.00035 
1724198814792912            -0.00230 -0.00289 -0.00291 -0.00246 -0.00248 -0.00307 
1724198817577672            -0.00784 -0.00844 -0.00845 -0.00800 -0.00795 -0.00861 
1724198818075732            -0.00377 -0.00440 -0.00438 -0.00393 -0.00395 -0.00454 
1724198818592062            -0.00279 -0.00339 -0.00341 -0.00296 -0.00297 -0.00357 
1724198823622842            -0.00004 -0.00063 -0.00065 -0.00020 -0.00018 -0.00081 
1724198824125332            -0.00696 -0.00755 -0.00754 -0.00712 -0.00711 -0.00771 
1724198824628262             0.00683 0.00630 0.00622 0.00667 0.00669 0.00606 
1724198825111162             0.00053 -0.00006 -0.00008 0.00035 0.00035 0.00019 
1724198826091232            -0.00331 -0.00390 -0.00393 -0.00347 -0.00350 -0.00402 
1724198826656432            -0.00403 -0.00462 -0.00464 -0.00419 -0.00421 -0.00480 
1724198827246732             0.00601 0.00537 0.00540 0.00007 0.00014 0.00526 
1724198837833292            -0.00012 -0.00012 0.00916 -0.00036 0.00000 -0.00001 
1724198838353262            -0.00154 -0.00232 -0.00215 -0.00174 -0.00172 -0.00232 
1724198839779522             0.00017 0.00015 -0.00016 0.00016 0.00017 -0.00002 
1724198840224112            -0.00005 0.00041 0.00053 -0.00015 -0.00018 0.00033 
1724198841532902             0.00022 0.00012 0.00021 0.00007 0.00006 0.00014 
