Timestamp (microseconds)      Peak Amplitude
1724199065075295            91.46575 -35.72842 0.81153 -0.58375 0.02558 
1724199065593215            91.77393 -35.73043 0.81138 -0.58369 0.03096 
1724199066106465            91.14700 -35.95501 0.80932 -0.58703 0.02002 
1724199066806765            91.77393 -35.73043 0.81138 -0.58369 0.03096 
1724199067523075            91.77393 -35.73043 0.81138 -0.58369 0.03096 
1724199075543745            91.77393 -35.73043 0.81138 -0.58369 0.03096 
1724199076069685            91.77393 -35.73043 0.81138 -0.58369 0.03096 
1724199076591205            91.79706 -36.14342 0.80715 -0.58952 0.03136 
1724199077123495            91.77393 -35.73043 0.81138 -0.58369 0.03096 
1724199077692805            91.77393 -35.73043 0.81138 -0.58369 0.03096 
1724199087062005            91.83198 -36.33221 0.80518 -0.59216 0.03197 
1724199087590105           132.90070 127.36415 -0.44456 0.58221 0.68073 
1724199087590165           169.63315 3.61145 0.17959 0.01134 0.98368 
1724199088110275            92.17640 -36.52200 0.80305 -0.59470 0.03798 
1724199089716245            91.83198 -36.33221 0.80518 -0.59216 0.03197 
1724199090216205            91.83198 -36.33221 0.80518 -0.59216 0.03197 
1724199090712145            91.83198 -36.33221 0.80518 -0.59216 0.03197 
1724199093666635            91.83198 -36.33221 0.80518 -0.59216 0.03197 
1724199097424305            92.17640 -36.52200 0.80305 -0.59470 0.03798 
1724199105042715            92.17640 -36.52200 0.80305 -0.59470 0.03798 
1724199105536555            92.17640 -36.52200 0.80305 -0.59470 0.03798 
1724199106539155            92.70412 -39.24054 0.77363 -0.63187 0.04718 
1724199107011245            92.17640 -36.52200 0.80305 -0.59470 0.03798 
1724199110553135            92.17640 -36.52200 0.80305 -0.59470 0.03798 
1724199111029445            92.17640 -36.52200 0.80305 -0.59470 0.03798 
1724199111543155            92.17640 -36.52200 0.80305 -0.59470 0.03798 
1724199198409885            90.89705 -37.42283 0.79408 -0.60762 0.01566 
1724199200555195            90.89705 -37.42283 0.79408 -0.60762 0.01566 
1724199201050325            90.89705 -37.42283 0.79408 -0.60762 0.01566 
1724199201548705            90.89705 -37.42283 0.79408 -0.60762 0.01566 
1724199202024095            90.89705 -37.42283 0.79408 -0.60762 0.01566 
1724199204251845            90.89705 -37.42283 0.79408 -0.60762 0.01566 
1724199204838085            90.89705 -37.42283 0.79408 -0.60762 0.01566 
1724199215434515            88.86742 17.39620 0.95407 0.29892 -0.01977 
1724199228343785            77.20103 -47.24978 0.66194 -0.71607 -0.22153 
1724199229806825            90.89705 -37.42283 0.79408 -0.60762 0.01566 
1724199232591585            90.89705 -37.42283 0.79408 -0.60762 0.01566 
1724199233089645            90.89705 -37.42283 0.79408 -0.60762 0.01566 
1724199233605975            90.89705 -37.42283 0.79408 -0.60762 0.01566 
1724199238636755            90.89705 -37.42283 0.79408 -0.60762 0.01566 
1724199239139245            90.89705 -37.42283 0.79408 -0.60762 0.01566 
1724199239642175            90.89705 -37.42283 0.79408 -0.60762 0.01566 
1724199240125075            90.89705 -37.42283 0.79408 -0.60762 0.01566 
1724199241105145            90.89705 -37.42283 0.79408 -0.60762 0.01566 
1724199241670345            90.89705 -37.42283 0.79408 -0.60762 0.01566 
1724199242260645            90.89705 -37.42283 0.79408 -0.60762 0.01566 
1724199252847205           114.22969 -52.24451 0.55835 -0.72098 0.41040 
1724199253367175            90.89705 -37.42283 0.79408 -0.60762 0.01566 
1724199254793435            90.87445 -37.00853 0.79845 -0.60186 0.01526 
1724199255238025            98.32217 18.89051 0.93618 0.32035 0.14474 
1724199256546815            91.19267 -36.78384 0.80073 -0.59867 0.02081 
