Timestamp (microseconds)      Peak Amplitude
1724198650061382           141.52805 173.76524 -0.61845 0.06756 0.78291 
1724198650579302            36.09552 -17.95471 0.56044 -0.18161 -0.80804 
1724198651092552           142.32765 172.45338 -0.60585 0.08026 0.79152 
1724198651792852            37.16624 -11.86877 0.59121 -0.12425 -0.79689 
1724198652509162           142.39186 171.00949 -0.60276 0.09537 0.79220 
1724198660529832            36.44111 -15.45465 0.57252 -0.15829 -0.80447 
1724198661055772            36.91928 -14.02825 0.58277 -0.14561 -0.79948 
1724198661577292            39.94988 73.83844 0.17873 0.61674 -0.76661 
1724198662109582            37.34145 -11.92509 0.59347 -0.12534 -0.79503 
1724198662678892           142.10471 172.31212 -0.60870 0.08217 0.78913 
1724198672048092            37.09191 -12.95283 0.58775 -0.13518 -0.79767 
1724198672576192            32.91141 18.31938 0.51580 0.17078 -0.83951 
1724198672576252           146.86523 138.26636 -0.40791 0.36386 0.83739 
1724198673096362           148.62459 -166.45804 -0.50617 -0.12191 0.85377 
1724198674702332           141.94022 172.96016 -0.61184 0.07556 0.78737 
1724198675202292            37.31282 -12.96018 0.59072 -0.13595 -0.79534 
1724198675698232            37.04072 -12.96455 0.58703 -0.13514 -0.79821 
1724198678652722            36.67911 -21.75194 0.55480 -0.22136 -0.80199 
1724198682410392           142.00645 172.98038 -0.61096 0.07523 0.78808 
1724198690028802           142.01746 173.07034 -0.61093 0.07425 0.78820 
1724198690522642           142.37848 170.97180 -0.60288 0.09579 0.79206 
1724198691525242           163.91336 -103.14320 -0.06301 -0.26983 0.96084 
1724198691997332            37.96786 -97.33270 -0.07852 -0.61019 -0.78836 
1724198695539222            37.21185 -12.18513 0.59114 -0.12765 -0.79640 
1724198696015532            37.22205 -12.10452 0.59146 -0.12685 -0.79630 
1724198696529242            36.83109 -15.29997 0.57821 -0.15818 -0.80041 
1724198783395972           141.95183 173.49100 -0.61235 0.06987 0.78749 
1724198785541282            36.50468 -15.70440 0.57268 -0.16102 -0.80381 
1724198786036412            36.47533 -39.31601 0.45992 -0.37666 -0.80411 
1724198786534792            51.45631 3.85993 0.78036 0.05265 -0.62311 
1724198787010182            36.89025 -13.35340 0.58405 -0.13864 -0.79979 
1724198789237932           142.02220 172.06573 -0.60947 0.08494 0.78825 
1724198789824172           141.78911 173.00241 -0.61395 0.07536 0.78574 
1724198800420602            29.28441 44.38929 0.34954 0.34217 -0.87220 
1724198813329872            13.70460 -73.29408 0.06810 -0.22692 -0.97153 
1724198814792912           141.77162 173.59323 -0.61493 0.06905 0.78555 
1724198817577672           142.43730 170.91258 -0.60198 0.09629 0.79269 
1724198818075732           142.14961 172.04475 -0.60770 0.08492 0.78962 
1724198818592062           141.89285 172.96141 -0.61248 0.07562 0.78686 
1724198823622842           137.58473 -169.10379 -0.66234 -0.12750 0.73828 
1724198824125332           142.34296 170.98811 -0.60339 0.09570 0.79168 
1724198824628262            37.16674 -12.31221 0.59024 -0.12883 -0.79688 
1724198825111162            42.93271 -5.25094 0.67828 -0.06234 -0.73215 
1724198826091232           142.07852 172.13980 -0.60881 0.08405 0.78885 
1724198826656432           142.08864 172.06207 -0.60855 0.08485 0.78896 
1724198827246732            19.80909 58.03204 0.17942 0.28749 -0.94083 
1724198837833292            34.47809 25.41414 0.51131 0.24294 -0.82434 
1724198838353262           142.21577 173.01665 -0.60814 0.07449 0.79032 
1724198839779522            63.92532 -83.86983 0.09592 -0.89309 -0.43954 
1724198840224112            25.87870 52.00827 0.26867 0.34398 -0.89972 
1724198841532902            21.68950 28.58347 0.32453 0.17682 -0.92920 
