Timestamp (microseconds)      Peak Amplitude
1724199065075295            -0.00043 0.00014 0.00018 0.00058 0.00062 0.00004 
1724199065593215            -0.00044 0.00014 0.00018 0.00058 0.00062 0.00004 
1724199066106465            -0.00043 0.00015 0.00018 0.00058 0.00062 0.00004 
1724199066806765            -0.00044 0.00014 0.00018 0.00058 0.00062 0.00004 
1724199067523075            -0.00044 0.00014 0.00018 0.00058 0.00062 0.00004 
1724199075543745            -0.00044 0.00014 0.00018 0.00058 0.00062 0.00004 
1724199076069685            -0.00044 0.00014 0.00018 0.00058 0.00062 0.00004 
1724199076591205            -0.00044 0.00014 0.00018 0.00058 0.00062 0.00003 
1724199077123495            -0.00044 0.00014 0.00018 0.00058 0.00062 0.00004 
1724199077692805            -0.00044 0.00014 0.00018 0.00058 0.00062 0.00004 
1724199087062005            -0.00044 0.00014 0.00018 0.00058 0.00061 0.00003 
1724199087590105            -0.00508 0.00009 0.00012 -0.00496 -0.00341 0.00003 
1724199087590165            -0.00044 -0.00042 -0.00038 0.00002 0.00006 0.00004 
1724199088110275            -0.00044 0.00014 0.00017 0.00058 0.00061 0.00003 
1724199089716245            -0.00044 0.00014 0.00018 0.00058 0.00061 0.00003 
1724199090216205            -0.00044 0.00014 0.00018 0.00058 0.00061 0.00003 
1724199090712145            -0.00044 0.00014 0.00018 0.00058 0.00061 0.00003 
1724199093666635            -0.00044 0.00014 0.00018 0.00058 0.00061 0.00003 
1724199097424305            -0.00044 0.00014 0.00017 0.00058 0.00061 0.00003 
1724199105042715            -0.00044 0.00014 0.00017 0.00058 0.00061 0.00003 
1724199105536555            -0.00044 0.00014 0.00017 0.00058 0.00061 0.00003 
1724199106539155            -0.00044 0.00014 0.00017 0.00058 0.00048 0.00003 
1724199107011245            -0.00044 0.00014 0.00017 0.00058 0.00061 0.00003 
1724199110553135            -0.00044 0.00014 0.00017 0.00058 0.00061 0.00003 
1724199111029445            -0.00044 0.00014 0.00017 0.00058 0.00061 0.00003 
1724199111543155            -0.00044 0.00014 0.00017 0.00058 0.00061 0.00003 
1724199198409885            -0.00043 0.00016 0.00018 0.00059 0.00061 0.00002 
1724199200555195            -0.00043 0.00016 0.00018 0.00059 0.00061 0.00002 
1724199201050325            -0.00043 0.00016 0.00018 0.00059 0.00061 0.00002 
1724199201548705            -0.00043 0.00016 0.00018 0.00059 0.00061 0.00002 
1724199202024095            -0.00043 0.00016 0.00018 0.00059 0.00061 0.00002 
1724199204251845            -0.00043 0.00016 0.00018 0.00059 0.00061 0.00002 
1724199204838085            -0.00043 0.00016 0.00018 0.00059 0.00061 0.00002 
1724199215434515            -0.00043 0.00011 0.00018 0.00059 0.00061 0.00206 
1724199228343785            -0.00043 0.00064 0.00018 0.00059 0.00061 0.00002 
1724199229806825            -0.00043 0.00016 0.00018 0.00059 0.00061 0.00002 
1724199232591585            -0.00043 0.00016 0.00018 0.00059 0.00061 0.00002 
1724199233089645            -0.00043 0.00016 0.00018 0.00059 0.00061 0.00002 
1724199233605975            -0.00043 0.00016 0.00018 0.00059 0.00061 0.00002 
1724199238636755            -0.00043 0.00016 0.00018 0.00059 0.00061 0.00002 
1724199239139245            -0.00043 0.00016 0.00018 0.00059 0.00061 0.00002 
1724199239642175            -0.00043 0.00016 0.00018 0.00059 0.00061 0.00002 
1724199240125075            -0.00043 0.00016 0.00018 0.00059 0.00061 0.00002 
1724199241105145            -0.00043 0.00016 0.00018 0.00059 0.00061 0.00002 
1724199241670345            -0.00043 0.00016 0.00018 0.00059 0.00061 0.00002 
1724199242260645            -0.00043 0.00016 0.00018 0.00059 0.00061 0.00002 
1724199252847205            -0.00206 0.00016 0.00018 0.00159 0.00011 0.00003 
1724199253367175            -0.00043 0.00016 0.00018 0.00059 0.00061 0.00002 
1724199254793435            -0.00043 0.00016 0.00018 0.00059 0.00061 0.00003 
1724199255238025             0.00104 -0.00207 0.00018 0.00006 0.00315 0.00000 
1724199256546815            -0.00043 0.00015 0.00018 0.00059 0.00061 0.00003 
