Timestamp (microseconds)      Peak Amplitude
1724198650061382             250.797
1724198650579302              156.96
1724198651092552             45.3461
1724198651792852             50.5258
1724198652509162              47.594
1724198660529832             31.7815
1724198661055772             37.1187
1724198661577292             33.5049
1724198662109582             45.7689
1724198662678892             34.7962
1724198672048092             32.3526
1724198672576192             51.7428
1724198672576252             118.254
1724198673096362             31.2286
1724198674702332             42.3977
1724198675202292             128.621
1724198675698232             56.0171
1724198678652722             39.7336
1724198682410392             47.5805
1724198690028802             51.9596
1724198690522642             63.4539
1724198691525242             33.6329
1724198691997332             45.2271
1724198695539222             59.6616
1724198696015532             232.234
1724198696529242             37.8462
1724198783395972             68.9524
1724198785541282             211.788
1724198786036412             145.488
1724198786534792             35.1673
1724198787010182             115.166
1724198789237932              99.494
1724198789824172             138.591
1724198800420602             29.9492
1724198813329872             40.3563
1724198814792912             36.1826
1724198817577672             192.637
1724198818075732             190.763
1724198818592062             139.469
1724198823622842              72.567
1724198824125332             36.9839
1724198824628262             71.2111
1724198825111162             32.1165
1724198826091232             35.9765
1724198826656432             57.0315
1724198827246732              28.926
1724198837833292             33.3552
1724198838353262             41.0485
1724198839779522             31.5972
1724198840224112             29.1089
1724198841532902             32.1349
