Timestamp (microseconds)      Peak Amplitude
1724199065075295             250.797
1724199065593215              156.96
1724199066106465             45.3461
1724199066806765             50.5258
1724199067523075              47.594
1724199075543745             31.7815
1724199076069685             37.1187
1724199076591205             33.5049
1724199077123495             45.7689
1724199077692805             34.7962
1724199087062005             32.3526
1724199087590105             51.7428
1724199087590165             118.254
1724199088110275             31.2286
1724199089716245             42.3977
1724199090216205             128.621
1724199090712145             56.0171
1724199093666635             39.7336
1724199097424305             47.5805
1724199105042715             51.9596
1724199105536555             63.4539
1724199106539155             33.6329
1724199107011245             45.2271
1724199110553135             59.6616
1724199111029445             232.234
1724199111543155             37.8462
1724199198409885             68.9524
1724199200555195             211.788
1724199201050325             145.488
1724199201548705             35.1673
1724199202024095             115.166
1724199204251845              99.494
1724199204838085             138.591
1724199215434515             29.9492
1724199228343785             40.3563
1724199229806825             36.1826
1724199232591585             192.637
1724199233089645             190.763
1724199233605975             139.469
1724199238636755              72.567
1724199239139245             36.9839
1724199239642175             71.2111
1724199240125075             32.1165
1724199241105145             35.9765
1724199241670345             57.0315
1724199242260645              28.926
1724199252847205             33.3552
1724199253367175             41.0485
1724199254793435             31.5972
1724199255238025             29.1089
1724199256546815             32.1349
