Timestamp (microseconds)      Peak Amplitude
1699174861009270              171.89 171.89 171.89 171.89 171.89 171.89 
1699174861011290              171.89 171.89 171.89 171.89 171.89 171.89 
1699174861029110              171.89 171.89 171.89 171.89 171.89 171.89 
1699174861046550              171.89 171.89 171.89 171.89 171.89 171.89 
1699174861050270              171.89 171.89 171.89 171.89 171.89 171.89 
1699174861065270              171.89 171.89 171.89 171.89 171.89 171.89 
1699174861075420              171.89 171.89 171.89 171.89 171.89 171.89 
1699174861087540              171.89 171.89 171.89 171.89 171.89 171.89 
1699174861089920              171.89 171.89 171.89 171.89 171.89 171.89 
1699174861099810              171.89 171.89 171.89 171.89 171.89 171.89 
1699174861114390              171.89 171.89 171.89 171.89 171.89 171.89 
1699174861127030              171.89 171.89 171.89 171.89 171.89 171.89 
1699174861134900              171.89 171.89 171.89 171.89 171.89 171.89 
1699174861139830              171.89 171.89 171.89 171.89 171.89 171.89 
1699174861156950              171.89 171.89 171.89 171.89 171.89 171.89 
1699174861162390              171.89 171.89 171.89 171.89 171.89 171.89 
1699174861169100              171.89 171.89 171.89 171.89 171.89 171.89 
1699174861180600              171.89 171.89 171.89 171.89 171.89 171.89 
1699174861189170              171.89 171.89 171.89 171.89 171.89 171.89 
1699174861203200              171.89 171.89 171.89 171.89 171.89 171.89 
1699174861214190              171.89 171.89 171.89 171.89 171.89 171.89 
1699174861221590              171.89 171.89 171.89 171.89 171.89 171.89 
1699174861229470              171.89 171.89 171.89 171.89 171.89 171.89 
1699174861252770              171.89 171.89 171.89 171.89 171.89 171.89 
1699174861269080              171.89 171.89 171.89 171.89 171.89 171.89 
1699174861282210              171.89 171.89 171.89 171.89 171.89 171.89 
1699174861288580              171.89 171.89 171.89 171.89 171.89 171.89 
1699174861299470              171.89 171.89 171.89 171.89 171.89 171.89 
1699174861315920              171.89 171.89 171.89 171.89 171.89 171.89 
1699174861327610              171.89 171.89 171.89 171.89 171.89 171.89 
1699174861347510              171.89 171.89 171.89 171.89 171.89 171.89 
1699174861362410              171.89 171.89 171.89 171.89 171.89 171.89 
1699174861378040              171.89 171.89 171.89 171.89 171.89 171.89 
1699174861387780              171.89 171.89 171.89 171.89 171.89 171.89 
1699174861406670              171.89 171.89 171.89 171.89 171.89 171.89 
1699174861406750              171.89 171.89 171.89 171.89 171.89 171.89 
1699174861433780              171.89 171.89 171.89 171.89 171.89 171.89 
1699174861436730              171.89 171.89 171.89 171.89 171.89 171.89 
1699174861453470              171.89 171.89 171.89 171.89 171.89 171.89 
1699174861466940              171.89 171.89 171.89 171.89 171.89 171.89 
1699174861495370              171.89 171.89 171.89 171.89 171.89 171.89 
1699174861496800              171.89 171.89 171.89 171.89 171.89 171.89 
1699174861523160              171.89 171.89 171.89 171.89 171.89 171.89 
1699174861526340              171.89 171.89 171.89 171.89 171.89 171.89 
1699174861548470              171.89 171.89 171.89 171.89 171.89 171.89 
1699174861564880              171.89 171.89 171.89 171.89 171.89 171.89 
1699174861566900              171.89 171.89 171.89 171.89 171.89 171.89 
1699174861588110              171.89 171.89 171.89 171.89 171.89 171.89 
1699174861602130              171.89 171.89 171.89 171.89 171.89 171.89 
1699174861612020              171.89 171.89 171.89 171.89 171.89 171.89 
1699174861623160              171.89 171.89 171.89 171.89 171.89 171.89 
1699174861627690              171.89 171.89 171.89 171.89 171.89 171.89 
1699174861638790              171.89 171.89 171.89 171.89 171.89 171.89 
1699174861656700              171.89 171.89 171.89 171.89 171.89 171.89 
1699174861681520              171.89 171.89 171.89 171.89 171.89 171.89 
1699174861691660              171.89 171.89 171.89 171.89 171.89 171.89 
1699174861709430              171.89 171.89 171.89 171.89 171.89 171.89 
1699174861729090              171.89 171.89 171.89 171.89 171.89 171.89 
1699174861735870              171.89 171.89 171.89 171.89 171.89 171.89 
1699174861753890              171.89 171.89 171.89 171.89 171.89 171.89 
1699174861756100              171.89 171.89 171.89 171.89 171.89 171.89 
1699174861766050              171.89 171.89 171.89 171.89 171.89 171.89 
1699174861775660              171.89 171.89 171.89 171.89 171.89 171.89 
1699174861803000              171.89 171.89 171.89 171.89 171.89 171.89 
1699174861804770              171.89 171.89 171.89 171.89 171.89 171.89 
1699174861815940              171.89 171.89 171.89 171.89 171.89 171.89 
1699174861825520              171.89 171.89 171.89 171.89 171.89 171.89 
1699174861843820              171.89 171.89 171.89 171.89 171.89 171.89 
1699174861867140              171.89 171.89 171.89 171.89 171.89 171.89 
1699174861877210              171.89 171.89 171.89 171.89 171.89 171.89 
1699174861890230              171.89 171.89 171.89 171.89 171.89 171.89 
1699174861893720              171.89 171.89 171.89 171.89 171.89 171.89 
1699174861921330              171.89 171.89 171.89 171.89 171.89 171.89 
1699174861936020              171.89 171.89 171.89 171.89 171.89 171.89 
1699174861955570              171.89 171.89 171.89 171.89 171.89 171.89 
1699174861971430              171.89 171.89 171.89 171.89 171.89 171.89 
1699174861974610              171.89 171.89 171.89 171.89 171.89 171.89 
1699174861990620              171.89 171.89 171.89 171.89 171.89 171.89 
1699174862004310              171.89 171.89 171.89 171.89 171.89 171.89 
1699174862047290              171.89 171.89 171.89 171.89 171.89 171.89 
1699174862052530              171.89 171.89 171.89 171.89 171.89 171.89 
1699174862071420              171.89 171.89 171.89 171.89 171.89 171.89 
1699174862083770              171.89 171.89 171.89 171.89 171.89 171.89 
1699174862099950              171.89 171.89 171.89 171.89 171.89 171.89 
1699174862105690              171.89 171.89 171.89 171.89 171.89 171.89 
1699174862117430              171.89 171.89 171.89 171.89 171.89 171.89 
1699174862121080              171.89 171.89 171.89 171.89 171.89 171.89 
1699174862188940              171.89 171.89 171.89 171.89 171.89 171.89 
1699174862192840              171.89 171.89 171.89 171.89 171.89 171.89 
1699174862209690              171.89 171.89 171.89 171.89 171.89 171.89 
1699174862213390              171.89 171.89 171.89 171.89 171.89 171.89 
1699174862225210              171.89 171.89 171.89 171.89 171.89 171.89 
1699174862238800              171.89 171.89 171.89 171.89 171.89 171.89 
1699174862243140              171.89 171.89 171.89 171.89 171.89 171.89 
1699174862254200              171.89 171.89 171.89 171.89 171.89 171.89 
1699174862288400              171.89 171.89 171.89 171.89 171.89 171.89 
1699174862297900              171.89 171.89 171.89 171.89 171.89 171.89 
1699174862300120              171.89 171.89 171.89 171.89 171.89 171.89 
1699174862324340              171.89 171.89 171.89 171.89 171.89 171.89 
1699174862331540              171.89 171.89 171.89 171.89 171.89 171.89 
1699174862346210              171.89 171.89 171.89 171.89 171.89 171.89 
1699174862352070              171.89 171.89 171.89 171.89 171.89 171.89 
1699174862365170              171.89 171.89 171.89 171.89 171.89 171.89 
1699174862374470              171.89 171.89 171.89 171.89 171.89 171.89 
1699174862391770              171.89 171.89 171.89 171.89 171.89 171.89 
1699174862436500              171.89 171.89 171.89 171.89 171.89 171.89 
1699174862440600              171.89 171.89 171.89 171.89 171.89 171.89 
1699174862462120              171.89 171.89 171.89 171.89 171.89 171.89 
1699174862484940              171.89 171.89 171.89 171.89 171.89 171.89 
1699174862489490              171.89 171.89 171.89 171.89 171.89 171.89 
1699174862503890              171.89 171.89 171.89 171.89 171.89 171.89 
1699174862512190              171.89 171.89 171.89 171.89 171.89 171.89 
1699174862518770              171.89 171.89 171.89 171.89 171.89 171.89 
1699174862528720              171.89 171.89 171.89 171.89 171.89 171.89 
1699174862551080              171.89 171.89 171.89 171.89 171.89 171.89 
1699174862565590              171.89 171.89 171.89 171.89 171.89 171.89 
1699174862599800              171.89 171.89 171.89 171.89 171.89 171.89 
1699174862617280              171.89 171.89 171.89 171.89 171.89 171.89 
1699174862637280              171.89 171.89 171.89 171.89 171.89 171.89 
1699174862650510              171.89 171.89 171.89 171.89 171.89 171.89 
1699174862663800              171.89 171.89 171.89 171.89 171.89 171.89 
1699174862683670              171.89 171.89 171.89 171.89 171.89 171.89 
1699174862687060              171.89 171.89 171.89 171.89 171.89 171.89 
1699174862714130              171.89 171.89 171.89 171.89 171.89 171.89 
1699174862725550              171.89 171.89 171.89 171.89 171.89 171.89 
1699174862769540              171.89 171.89 171.89 171.89 171.89 171.89 
1699174862777590              171.89 171.89 171.89 171.89 171.89 171.89 
1699174862811380              171.89 171.89 171.89 171.89 171.89 171.89 
1699174862828880              171.89 171.89 171.89 171.89 171.89 171.89 
1699174862846460              171.89 171.89 171.89 171.89 171.89 171.89 
1699174862860280              171.89 171.89 171.89 171.89 171.89 171.89 
1699174862866660              171.89 171.89 171.89 171.89 171.89 171.89 
1699174862878020              171.89 171.89 171.89 171.89 171.89 171.89 
1699174862894680              171.89 171.89 171.89 171.89 171.89 171.89 
1699174862896570              171.89 171.89 171.89 171.89 171.89 171.89 
1699174862907580              171.89 171.89 171.89 171.89 171.89 171.89 
1699174862923390              171.89 171.89 171.89 171.89 171.89 171.89 
1699174862925880              171.89 171.89 171.89 171.89 171.89 171.89 
1699174862954640              171.89 171.89 171.89 171.89 171.89 171.89 
1699174862970890              171.89 171.89 171.89 171.89 171.89 171.89 
1699174862979790              171.89 171.89 171.89 171.89 171.89 171.89 
1699174862989740              171.89 171.89 171.89 171.89 171.89 171.89 
1699174863008150              171.89 171.89 171.89 171.89 171.89 171.89 
1699174863014080              171.89 171.89 171.89 171.89 171.89 171.89 
1699174863033000              171.89 171.89 171.89 171.89 171.89 171.89 
1699174863035070              171.89 171.89 171.89 171.89 171.89 171.89 
1699174863050550              171.89 171.89 171.89 171.89 171.89 171.89 
1699174863065650              171.89 171.89 171.89 171.89 171.89 171.89 
1699174863080310              171.89 171.89 171.89 171.89 171.89 171.89 
1699174863089870              171.89 171.89 171.89 171.89 171.89 171.89 
1699174863101300              171.89 171.89 171.89 171.89 171.89 171.89 
1699174863108770              171.89 171.89 171.89 171.89 171.89 171.89 
1699174863122870              171.89 171.89 171.89 171.89 171.89 171.89 
1699174863122890              171.89 171.89 171.89 171.89 171.89 171.89 
1699174863137460              171.89 171.89 171.89 171.89 171.89 171.89 
1699174863165720              171.89 171.89 171.89 171.89 171.89 171.89 
1699174863178370              171.89 171.89 171.89 171.89 171.89 171.89 
1699174863187510              171.89 171.89 171.89 171.89 171.89 171.89 
1699174863198650              171.89 171.89 171.89 171.89 171.89 171.89 
1699174863207560              171.89 171.89 171.89 171.89 171.89 171.89 
1699174863222790              171.89 171.89 171.89 171.89 171.89 171.89 
1699174863233860              171.89 171.89 171.89 171.89 171.89 171.89 
1699174863274120              171.89 171.89 171.89 171.89 171.89 171.89 
1699174863289690              171.89 171.89 171.89 171.89 171.89 171.89 
1699174863301920              171.89 171.89 171.89 171.89 171.89 171.89 
1699174863317190              171.89 171.89 171.89 171.89 171.89 171.89 
1699174863353900              171.89 171.89 171.89 171.89 171.89 171.89 
1699174863367930              171.89 171.89 171.89 171.89 171.89 171.89 
1699174863376060              171.89 171.89 171.89 171.89 171.89 171.89 
1699174863411050              171.89 171.89 171.89 171.89 171.89 171.89 
1699174863434330              171.89 171.89 171.89 171.89 171.89 171.89 
1699174863460750              171.89 171.89 171.89 171.89 171.89 171.89 
1699174863489190              171.89 171.89 171.89 171.89 171.89 171.89 
1699174863490950              171.89 171.89 171.89 171.89 171.89 171.89 
1699174863523320              171.89 171.89 171.89 171.89 171.89 171.89 
1699174863567860              171.89 171.89 171.89 171.89 171.89 171.89 
1699174863571970              171.89 171.89 171.89 171.89 171.89 171.89 
1699174863586030              171.89 171.89 171.89 171.89 171.89 171.89 
1699174863590990              171.89 171.89 171.89 171.89 171.89 171.89 
1699174863618010              171.89 171.89 171.89 171.89 171.89 171.89 
1699174863621780              171.89 171.89 171.89 171.89 171.89 171.89 
1699174863636970              171.89 171.89 171.89 171.89 171.89 171.89 
1699174863639820              171.89 171.89 171.89 171.89 171.89 171.89 
1699174863664760              171.89 171.89 171.89 171.89 171.89 171.89 
1699174863675020              171.89 171.89 171.89 171.89 171.89 171.89 
1699174863678540              171.89 171.89 171.89 171.89 171.89 171.89 
1699174863704180              171.89 171.89 171.89 171.89 171.89 171.89 
1699174863710950              171.89 171.89 171.89 171.89 171.89 171.89 
1699174863739550              171.89 171.89 171.89 171.89 171.89 171.89 
1699174863753220              171.89 171.89 171.89 171.89 171.89 171.89 
1699174863757840              171.89 171.89 171.89 171.89 171.89 171.89 
1699174863775480              171.89 171.89 171.89 171.89 171.89 171.89 
1699174863798890              171.89 171.89 171.89 171.89 171.89 171.89 
1699174863807790              171.89 171.89 171.89 171.89 171.89 171.89 
1699174863820250              171.89 171.89 171.89 171.89 171.89 171.89 
1699174863863810              171.89 171.89 171.89 171.89 171.89 171.89 
1699174863879030              171.89 171.89 171.89 171.89 171.89 171.89 
1699174863886890              171.89 171.89 171.89 171.89 171.89 171.89 
1699174863942610              171.89 171.89 171.89 171.89 171.89 171.89 
1699174863997130              171.89 171.89 171.89 171.89 171.89 171.89 
1699174864009570              171.89 171.89 171.89 171.89 171.89 171.89 
1699174864031270              171.89 171.89 171.89 171.89 171.89 171.89 
1699174864041300              171.89 171.89 171.89 171.89 171.89 171.89 
1699174864057830              171.89 171.89 171.89 171.89 171.89 171.89 
1699174864094940              171.89 171.89 171.89 171.89 171.89 171.89 
1699174864103360              171.89 171.89 171.89 171.89 171.89 171.89 
1699174864112780              171.89 171.89 171.89 171.89 171.89 171.89 
1699174864115600              171.89 171.89 171.89 171.89 171.89 171.89 
1699174864130800              171.89 171.89 171.89 171.89 171.89 171.89 
1699174864186470              171.89 171.89 171.89 171.89 171.89 171.89 
1699174864195100              171.89 171.89 171.89 171.89 171.89 171.89 
1699174864206240              171.89 171.89 171.89 171.89 171.89 171.89 
1699174864225810              171.89 171.89 171.89 171.89 171.89 171.89 
1699174864242910              171.89 171.89 171.89 171.89 171.89 171.89 
1699174864243960              171.89 171.89 171.89 171.89 171.89 171.89 
1699174864264950              171.89 171.89 171.89 171.89 171.89 171.89 
1699174864282010              171.89 171.89 171.89 171.89 171.89 171.89 
1699174864283610              171.89 171.89 171.89 171.89 171.89 171.89 
1699174864300320              171.89 171.89 171.89 171.89 171.89 171.89 
1699174864317840              171.89 171.89 171.89 171.89 171.89 171.89 
1699174864338140              171.89 171.89 171.89 171.89 171.89 171.89 
1699174864362430              171.89 171.89 171.89 171.89 171.89 171.89 
1699174864363100              171.89 171.89 171.89 171.89 171.89 171.89 
1699174864383640              171.89 171.89 171.89 171.89 171.89 171.89 
1699174864397120              171.89 171.89 171.89 171.89 171.89 171.89 
1699174864408280              171.89 171.89 171.89 171.89 171.89 171.89 
1699174864422170              171.89 171.89 171.89 171.89 171.89 171.89 
1699174864424520              171.89 171.89 171.89 171.89 171.89 171.89 
1699174864438160              171.89 171.89 171.89 171.89 171.89 171.89 
1699174864450540              171.89 171.89 171.89 171.89 171.89 171.89 
1699174864460210              171.89 171.89 171.89 171.89 171.89 171.89 
1699174864464090              171.89 171.89 171.89 171.89 171.89 171.89 
1699174864481080              171.89 171.89 171.89 171.89 171.89 171.89 
1699174864484610              171.89 171.89 171.89 171.89 171.89 171.89 
1699174864492460              171.89 171.89 171.89 171.89 171.89 171.89 
1699174864508800              171.89 171.89 171.89 171.89 171.89 171.89 
1699174864512090              171.89 171.89 171.89 171.89 171.89 171.89 
1699174864530470              171.89 171.89 171.89 171.89 171.89 171.89 
1699174864533280              171.89 171.89 171.89 171.89 171.89 171.89 
1699174864550770              171.89 171.89 171.89 171.89 171.89 171.89 
1699174864557680              171.89 171.89 171.89 171.89 171.89 171.89 
1699174864565220              171.89 90.4297 90 171.89 171.89 171.89 
1699174864580820              171.89 171.89 90 171.89 171.89 171.89 
1699174864584680              171.89 171.89 90 76.9971 89.1405 76.9971 
1699174864594470              171.89 171.89 90 171.89 171.89 171.89 
1699174864605110              171.89 171.89 171.89 171.89 171.89 171.89 
1699174864616880              171.89 171.89 171.89 171.89 171.89 89.1405 
1699174864621450              171.89 171.89 171.89 171.89 171.89 171.89 
1699174864639440              171.89 171.89 171.89 171.89 171.89 171.89 
1699174864645050              171.89 171.89 171.89 171.89 171.89 171.89 
1699174864657920              171.89 171.89 171.89 171.89 171.89 171.89 
1699174864662690              171.89 171.89 171.89 171.89 171.89 171.89 
1699174864676070              171.89 171.89 171.89 171.89 171.89 171.89 
1699174864685450              171.89 171.89 171.89 171.89 171.89 171.89 
1699174864699310              171.89 171.89 171.89 171.89 171.89 171.89 
1699174864708250              171.89 171.89 171.89 171.89 171.89 171.89 
1699174864712660              171.89 171.89 171.89 171.89 171.89 171.89 
1699174864728690              171.89 171.89 171.89 171.89 171.89 171.89 
1699174864738290             89.1405 89.5703 171.89 89.1405 171.89 90 
1699174864739890                  90 171.89 171.89 90 89.5703 89.1405 
1699174864756460              171.89 171.89 171.89 171.89 171.89 171.89 
1699174864763100              171.89 171.89 171.89 171.89 171.89 171.89 
1699174864769650              171.89 171.89 171.89 171.89 171.89 171.89 
1699174864786290              171.89 171.89 171.89 171.89 171.89 171.89 
1699174864798480              171.89 171.89 171.89 171.89 171.89 171.89 
1699174864807280              171.89 171.89 171.89 171.89 171.89 171.89 
1699174864809800              171.89 171.89 171.89 171.89 171.89 171.89 
1699174864822400              171.89 171.89 171.89 171.89 171.89 171.89 
1699174864838200              171.89 171.89 171.89 171.89 171.89 171.89 
1699174864842730              171.89 171.89 171.89 171.89 171.89 171.89 
1699174864856410              171.89 171.89 171.89 171.89 171.89 171.89 
1699174864866760              171.89 171.89 171.89 171.89 171.89 171.89 
1699174864877380              171.89 171.89 171.89 171.89 171.89 171.89 
1699174864879660              171.89 171.89 171.89 171.89 171.89 171.89 
1699174864892100              171.89 171.89 171.89 171.89 171.89 171.89 
1699174864902540              171.89 171.89 171.89 171.89 171.89 171.89 
1699174864911000              171.89 171.89 171.89 171.89 171.89 171.89 
1699174864920680              171.89 171.89 171.89 171.89 171.89 171.89 
1699174864932760              171.89 171.89 171.89 171.89 171.89 171.89 
1699174864943750              171.89 171.89 171.89 171.89 171.89 171.89 
1699174864950520              171.89 171.89 171.89 171.89 171.89 171.89 
1699174864962470              171.89 171.89 171.89 171.89 171.89 171.89 
1699174864976860              171.89 171.89 171.89 171.89 171.89 171.89 
1699174864987020              171.89 171.89 171.89 171.89 171.89 171.89 
1699174864992690              171.89 171.89 171.89 171.89 171.89 171.89 
1699174865005860              171.89 171.89 171.89 171.89 171.89 171.89 
1699174865009660              171.89 171.89 171.89 171.89 171.89 171.89 
1699174865018800              171.89 171.89 171.89 171.89 171.89 171.89 
1699174865036680              171.89 171.89 171.89 171.89 171.89 171.89 
1699174865039710              171.89 171.89 171.89 171.89 171.89 171.89 
1699174865055900              171.89 171.89 171.89 171.89 171.89 171.89 
1699174865063930              171.89 171.89 171.89 171.89 171.89 171.89 
1699174865069510              171.89 171.89 171.89 171.89 171.89 171.89 
1699174865086220              171.89 171.89 171.89 171.89 171.89 171.89 
1699174865088730              171.89 171.89 171.89 171.89 171.89 171.89 
1699174865105510              171.89 171.89 171.89 171.89 171.89 171.89 
1699174865107070              171.89 171.89 171.89 171.89 171.89 171.89 
1699174865123890              171.89 171.89 171.89 171.89 171.89 171.89 
1699174865128840              171.89 171.89 171.89 171.89 171.89 171.89 
1699174865151420              171.89 171.89 171.89 171.89 171.89 171.89 
1699174865164590              171.89 171.89 171.89 171.89 171.89 171.89 
1699174865170530              171.89 171.89 171.89 171.89 171.89 171.89 
1699174865182920              171.89 171.89 171.89 171.89 171.89 171.89 
1699174865189650              171.89 171.89 171.89 171.89 171.89 171.89 
1699174865208490              171.89 171.89 171.89 171.89 171.89 171.89 
1699174865222650              171.89 171.89 171.89 171.89 171.89 171.89 
1699174865227250              171.89 171.89 171.89 171.89 171.89 171.89 
1699174865241510              171.89 171.89 171.89 171.89 171.89 171.89 
1699174865249150              171.89 171.89 171.89 171.89 171.89 171.89 
1699174865275020              171.89 171.89 171.89 171.89 171.89 171.89 
1699174865275610             88.2809 90 89.7135 89.1405 90 89.1405 
1699174865290610              171.89 171.89 171.89 171.89 171.89 171.89 
1699174865302070              171.89 171.89 171.89 171.89 171.89 171.89 
1699174865306090              171.89 171.89 171.89 171.89 171.89 171.89 
1699174865334070              171.89 171.89 171.89 171.89 171.89 171.89 
1699174865342060              171.89 171.89 171.89 171.89 171.89 171.89 
1699174865358310              171.89 171.89 171.89 171.89 171.89 171.89 
1699174865370280              171.89 171.89 171.89 171.89 171.89 171.89 
1699174865382810              171.89 171.89 171.89 171.89 171.89 171.89 
1699174865385690              171.89 171.89 171.89 171.89 171.89 171.89 
1699174865411950              171.89 171.89 171.89 171.89 171.89 171.89 
1699174865418660              171.89 171.89 171.89 171.89 171.89 171.89 
1699174865448680              171.89 171.89 171.89 171.89 171.89 171.89 
1699174865463570              171.89 171.89 171.89 171.89 171.89 171.89 
1699174865503780              171.89 171.89 171.89 171.89 171.89 171.89 
1699174865519850              171.89 171.89 171.89 171.89 171.89 171.89 
1699174865552350              171.89 171.89 171.89 171.89 171.89 171.89 
1699174865554790              171.89 171.89 171.89 171.89 171.89 171.89 
1699174865573440              171.89 171.89 171.89 171.89 171.89 171.89 
1699174865584070              171.89 171.89 171.89 171.89 171.89 171.89 
1699174865604000              171.89 171.89 171.89 171.89 171.89 171.89 
1699174865622090              171.89 171.89 171.89 171.89 171.89 171.89 
1699174865627570              171.89 171.89 171.89 171.89 171.89 171.89 
1699174865647360              171.89 171.89 171.89 171.89 171.89 171.89 
1699174865668670              171.89 171.89 171.89 171.89 171.89 171.89 
1699174865693620              171.89 171.89 171.89 171.89 171.89 171.89 
1699174865708020              171.89 171.89 171.89 171.89 171.89 171.89 
1699174865717410              171.89 171.89 171.89 171.89 171.89 171.89 
1699174865731760              171.89 171.89 171.89 171.89 171.89 171.89 
1699174865733820              171.89 171.89 171.89 171.89 171.89 171.89 
1699174865748800              171.89 171.89 171.89 171.89 171.89 171.89 
1699174865760230              171.89 171.89 171.89 171.89 171.89 171.89 
1699174865790510              171.89 171.89 171.89 171.89 171.89 171.89 
1699174865794130              171.89 171.89 171.89 171.89 171.89 171.89 
1699174865812140              171.89 171.89 171.89 171.89 171.89 171.89 
1699174865830430              171.89 171.89 171.89 171.89 171.89 171.89 
1699174865851920              171.89 171.89 171.89 171.89 171.89 171.89 
1699174865867260              171.89 171.89 171.89 171.89 171.89 171.89 
1699174865882930              171.89 171.89 171.89 171.89 171.89 171.89 
1699174865905030              171.89 171.89 171.89 171.89 171.89 171.89 
1699174865924880              171.89 171.89 171.89 171.89 171.89 171.89 
1699174865939200              171.89 171.89 171.89 171.89 171.89 171.89 
1699174865943540              171.89 171.89 171.89 171.89 171.89 171.89 
1699174865958550              171.89 171.89 171.89 171.89 171.89 171.89 
1699174865960590              171.89 171.89 171.89 171.89 171.89 171.89 
1699174865984080              171.89 171.89 171.89 171.89 171.89 171.89 
1699174865997370              171.89 171.89 171.89 171.89 171.89 171.89 
1699174866009370              171.89 171.89 171.89 171.89 171.89 171.89 
1699174866027490              171.89 171.89 171.89 171.89 171.89 171.89 
1699174866031950              171.89 171.89 171.89 171.89 171.89 171.89 
1699174866056270              171.89 171.89 171.89 171.89 171.89 171.89 
1699174866063260              171.89 171.89 171.89 171.89 171.89 171.89 
1699174866076730              171.89 171.89 171.89 171.89 171.89 171.89 
1699174866086110              171.89 171.89 171.89 171.89 171.89 171.89 
1699174866094560              171.89 171.89 171.89 171.89 171.89 171.89 
1699174866105580              171.89 171.89 171.89 171.89 171.89 171.89 
1699174866108860              171.89 171.89 171.89 171.89 171.89 171.89 
1699174866128010              171.89 171.89 171.89 171.89 171.89 171.89 
1699174866132390              171.89 171.89 171.89 171.89 171.89 171.89 
1699174866142840              171.89 171.89 171.89 171.89 171.89 171.89 
1699174866156520              171.89 171.89 171.89 171.89 171.89 171.89 
1699174866162760              171.89 171.89 171.89 171.89 171.89 171.89 
1699174866172910              171.89 171.89 171.89 171.89 171.89 171.89 
1699174866185830              171.89 171.89 171.89 171.89 171.89 171.89 
1699174866195100              171.89 171.89 171.89 171.89 171.89 171.89 
1699174866199880              171.89 171.89 171.89 171.89 171.89 171.89 
1699174866223660              171.89 171.89 171.89 171.89 171.89 171.89 
1699174866237670              171.89 171.89 171.89 171.89 171.89 171.89 
1699174866240880              171.89 171.89 171.89 171.89 171.89 171.89 
1699174866248260              171.89 171.89 171.89 171.89 171.89 171.89 
1699174866261170              171.89 171.89 171.89 171.89 171.89 171.89 
1699174866280980              171.89 171.89 171.89 171.89 171.89 171.89 
1699174866289950              171.89 171.89 171.89 171.89 171.89 171.89 
1699174866299230              171.89 171.89 171.89 171.89 171.89 171.89 
1699174866307790              171.89 171.89 171.89 171.89 171.89 171.89 
1699174866324800              171.89 171.89 171.89 171.89 171.89 171.89 
1699174866331900              171.89 171.89 171.89 171.89 171.89 171.89 
1699174866345010              171.89 171.89 171.89 171.89 171.89 171.89 
1699174866347310              171.89 171.89 171.89 171.89 171.89 171.89 
1699174866360830              171.89 171.89 171.89 171.89 171.89 171.89 
1699174866366780              171.89 171.89 171.89 171.89 171.89 171.89 
1699174866384310              171.89 171.89 171.89 171.89 171.89 171.89 
1699174866389130              171.89 171.89 171.89 171.89 171.89 171.89 
1699174866401710              171.89 171.89 171.89 171.89 171.89 171.89 
1699174866407590              171.89 171.89 171.89 171.89 171.89 171.89 
1699174866417790              171.89 171.89 171.89 171.89 171.89 171.89 
1699174866433570              171.89 171.89 171.89 171.89 171.89 171.89 
1699174866436460              171.89 171.89 171.89 171.89 171.89 171.89 
1699174866453310              171.89 171.89 171.89 171.89 171.89 171.89 
1699174866459270              171.89 171.89 171.89 171.89 171.89 171.89 
1699174866468090              171.89 171.89 171.89 171.89 171.89 171.89 
1699174866480600              171.89 171.89 171.89 171.89 171.89 171.89 
1699174866489890              171.89 171.89 171.89 171.89 171.89 171.89 
1699174866511980              171.89 171.89 171.89 171.89 171.89 171.89 
1699174866518620              171.89 171.89 171.89 171.89 171.89 171.89 
1699174866534720              171.89 171.89 171.89 171.89 171.89 171.89 
1699174866539050              171.89 171.89 171.89 171.89 171.89 171.89 
1699174866548620              171.89 171.89 171.89 171.89 171.89 171.89 
1699174866556290              171.89 171.89 171.89 171.89 171.89 171.89 
1699174866573420              171.89 171.89 171.89 171.89 171.89 171.89 
1699174866580060              171.89 171.89 171.89 171.89 171.89 171.89 
1699174866592000              171.89 171.89 171.89 171.89 171.89 171.89 
1699174866601460              171.89 171.89 171.89 171.89 171.89 171.89 
1699174866606100              171.89 171.89 171.89 171.89 171.89 171.89 
1699174866616320              171.89 171.89 171.89 171.89 171.89 171.89 
1699174866634170              171.89 171.89 171.89 171.89 171.89 171.89 
1699174866637180              171.89 171.89 171.89 171.89 171.89 171.89 
1699174866650600              171.89 171.89 171.89 171.89 171.89 171.89 
1699174866659580              171.89 171.89 171.89 171.89 171.89 171.89 
1699174866672670              171.89 171.89 171.89 171.89 171.89 171.89 
1699174866675560              171.89 171.89 171.89 171.89 171.89 171.89 
1699174866693880              171.89 171.89 171.89 171.89 171.89 171.89 
1699174866694110              171.89 171.89 171.89 171.89 171.89 171.89 
1699174866712630              171.89 171.89 171.89 171.89 171.89 171.89 
1699174866713950              171.89 171.89 171.89 171.89 171.89 171.89 
1699174866729870              171.89 171.89 171.89 171.89 171.89 171.89 
1699174866735760              171.89 171.89 171.89 171.89 171.89 171.89 
1699174866759480              171.89 171.89 171.89 171.89 171.89 171.89 
1699174866773110              171.89 171.89 171.89 171.89 171.89 171.89 
1699174866774030              171.89 171.89 171.89 171.89 171.89 171.89 
1699174866789950              171.89 171.89 171.89 171.89 171.89 171.89 
1699174866804670              171.89 171.89 171.89 171.89 171.89 171.89 
1699174866815480              171.89 171.89 171.89 171.89 171.89 171.89 
1699174866827840              171.89 171.89 171.89 171.89 171.89 171.89 
1699174866836020              171.89 171.89 171.89 171.89 171.89 171.89 
1699174866850370              171.89 171.89 171.89 171.89 171.89 171.89 
1699174866855530              171.89 171.89 171.89 171.89 171.89 171.89 
1699174866864830              171.89 171.89 171.89 171.89 171.89 171.89 
1699174866882070              171.89 171.89 171.89 171.89 171.89 171.89 
1699174866888960              171.89 171.89 171.89 171.89 171.89 171.89 
1699174866894710              171.89 171.89 171.89 171.89 171.89 171.89 
1699174866909110              171.89 171.89 171.89 171.89 171.89 171.89 
1699174866915380              171.89 171.89 171.89 171.89 171.89 171.89 
1699174866931810              171.89 171.89 171.89 171.89 171.89 171.89 
1699174866934640              171.89 171.89 171.89 171.89 171.89 171.89 
1699174866949610              171.89 171.89 171.89 171.89 171.89 171.89 
1699174866961810              171.89 171.89 171.89 171.89 171.89 171.89 
1699174866970450              171.89 171.89 171.89 171.89 171.89 171.89 
1699174866979940              171.89 171.89 171.89 171.89 171.89 171.89 
1699174866982030              171.89 171.89 171.89 171.89 171.89 171.89 
1699174866996970              171.89 171.89 171.89 171.89 171.89 171.89 
1699174867002080              171.89 171.89 171.89 171.89 171.89 171.89 
1699174867014760              171.89 171.89 171.89 171.89 171.89 171.89 
1699174867027560              171.89 171.89 171.89 171.89 171.89 171.89 
1699174867037740              171.89 171.89 171.89 171.89 171.89 171.89 
1699174867059800              171.89 171.89 171.89 171.89 171.89 171.89 
1699174867062800              171.89 171.89 171.89 171.89 171.89 171.89 
1699174867073120              171.89 171.89 171.89 171.89 171.89 171.89 
1699174867087760              171.89 171.89 171.89 171.89 171.89 171.89 
1699174867093870              171.89 171.89 171.89 171.89 171.89 171.89 
1699174867107270              171.89 171.89 171.89 171.89 171.89 171.89 
1699174867113510              171.89 171.89 171.89 171.89 171.89 171.89 
1699174867134080              171.89 171.89 171.89 171.89 171.89 171.89 
1699174867153980              171.89 171.89 171.89 171.89 171.89 171.89 
1699174867168820              171.89 171.89 171.89 171.89 171.89 171.89 
1699174867170360              171.89 171.89 171.89 171.89 171.89 171.89 
1699174867183350              171.89 171.89 171.89 171.89 171.89 171.89 
1699174867193400              171.89 171.89 171.89 171.89 171.89 171.89 
1699174867216180              171.89 171.89 171.89 171.89 171.89 171.89 
1699174867227090              171.89 171.89 171.89 171.89 171.89 171.89 
1699174867231930              171.89 171.89 171.89 171.89 171.89 171.89 
1699174867249400              171.89 171.89 171.89 171.89 171.89 171.89 
1699174867270950              171.89 171.89 171.89 171.89 171.89 171.89 
1699174867288920              171.89 171.89 171.89 171.89 171.89 171.89 
1699174867297130              171.89 171.89 171.89 171.89 171.89 171.89 
1699174867302450              171.89 171.89 171.89 171.89 171.89 171.89 
1699174867312070              171.89 171.89 171.89 171.89 171.89 171.89 
1699174867324700              171.89 171.89 171.89 171.89 171.89 171.89 
1699174867340000              171.89 171.89 171.89 171.89 171.89 171.89 
1699174867358220              171.89 171.89 171.89 171.89 171.89 171.89 
1699174867361210              171.89 171.89 171.89 171.89 171.89 171.89 
1699174867396440              171.89 171.89 171.89 171.89 171.89 171.89 
1699174867403690              171.89 171.89 171.89 171.89 171.89 171.89 
1699174867416850              171.89 171.89 171.89 171.89 171.89 171.89 
1699174867426420              171.89 171.89 171.89 171.89 171.89 171.89 
1699174867429290              171.89 171.89 171.89 171.89 171.89 171.89 
1699174867442020              171.89 171.89 171.89 171.89 171.89 171.89 
1699174867450200              171.89 171.89 171.89 171.89 171.89 171.89 
1699174867477520              171.89 171.89 171.89 171.89 171.89 171.89 
1699174867483180              171.89 171.89 171.89 171.89 171.89 171.89 
1699174867489340              171.89 171.89 171.89 171.89 171.89 171.89 
1699174867505610              171.89 171.89 171.89 171.89 171.89 171.89 
1699174867515430              171.89 171.89 171.89 171.89 171.89 171.89 
1699174867524550              171.89 171.89 171.89 171.89 171.89 171.89 
1699174867537870              171.89 171.89 171.89 171.89 171.89 171.89 
1699174867548370              171.89 171.89 171.89 171.89 171.89 171.89 
1699174867561160              171.89 171.89 171.89 171.89 171.89 171.89 
1699174867576210              171.89 171.89 171.89 171.89 171.89 171.89 
1699174867580580              171.89 171.89 171.89 171.89 171.89 171.89 
1699174867596190              171.89 171.89 171.89 171.89 171.89 171.89 
1699174867598100              171.89 171.89 171.89 171.89 171.89 171.89 
1699174867614460              171.89 171.89 171.89 171.89 171.89 171.89 
1699174867620750              171.89 171.89 171.89 171.89 171.89 171.89 
1699174867628400              171.89 171.89 171.89 171.89 171.89 171.89 
1699174867645600              171.89 171.89 171.89 171.89 171.89 171.89 
1699174867653980              171.89 171.89 171.89 171.89 171.89 171.89 
1699174867657850              171.89 90 89.427 91.7191 90 88.2809 
1699174867674650              171.89 171.89 171.89 171.89 171.89 171.89 
1699174867681030              171.89 171.89 171.89 171.89 171.89 171.89 
1699174867699060              171.89 171.89 171.89 171.89 171.89 171.89 
1699174867714990              171.89 171.89 171.89 171.89 171.89 171.89 
1699174867725960              171.89 171.89 171.89 171.89 171.89 171.89 
1699174867736820              171.89 171.89 171.89 171.89 171.89 171.89 
1699174867771430              171.89 171.89 171.89 171.89 171.89 171.89 
1699174867792210              171.89 171.89 171.89 171.89 171.89 171.89 
1699174867802170              171.89 171.89 171.89 171.89 171.89 171.89 
1699174867823830              171.89 171.89 171.89 171.89 171.89 171.89 
1699174867826530              171.89 171.89 171.89 171.89 171.89 171.89 
1699174867839730              171.89 171.89 171.89 171.89 171.89 171.89 
1699174867846550              171.89 171.89 171.89 171.89 171.89 171.89 
1699174867871750              171.89 171.89 171.89 171.89 171.89 171.89 
1699174867879090              171.89 171.89 171.89 171.89 171.89 171.89 
1699174867893380              171.89 171.89 171.89 171.89 171.89 171.89 
1699174867919460              171.89 171.89 171.89 171.89 171.89 171.89 
1699174867932130              171.89 171.89 171.89 171.89 171.89 171.89 
1699174867934380              171.89 171.89 171.89 171.89 171.89 171.89 
1699174867960980              171.89 171.89 171.89 171.89 171.89 171.89 
1699174867979600              171.89 171.89 171.89 171.89 171.89 171.89 
1699174868012270              171.89 171.89 171.89 171.89 171.89 171.89 
1699174868020850              171.89 171.89 171.89 171.89 171.89 171.89 
1699174868059550              171.89 171.89 171.89 171.89 171.89 171.89 
1699174868074740              171.89 171.89 171.89 171.89 171.89 171.89 
1699174868090770              171.89 171.89 171.89 171.89 171.89 171.89 
1699174868101110              171.89 171.89 171.89 171.89 171.89 171.89 
1699174868103770              171.89 171.89 171.89 171.89 171.89 171.89 
1699174868129510              171.89 171.89 171.89 171.89 171.89 171.89 
1699174868136760              171.89 171.89 171.89 171.89 171.89 171.89 
1699174868182190              171.89 171.89 171.89 171.89 171.89 171.89 
1699174868204520              171.89 171.89 171.89 171.89 171.89 171.89 
1699174868212740              171.89 171.89 171.89 171.89 171.89 171.89 
1699174868242730              171.89 171.89 171.89 171.89 171.89 171.89 
1699174868252150              171.89 171.89 171.89 171.89 171.89 171.89 
1699174868270660              171.89 171.89 171.89 171.89 171.89 171.89 
1699174868286270              171.89 171.89 171.89 171.89 171.89 171.89 
1699174868297850              171.89 171.89 171.89 171.89 171.89 171.89 
1699174868303240              171.89 171.89 171.89 171.89 171.89 171.89 
1699174868319840              171.89 171.89 171.89 171.89 171.89 171.89 
1699174868323020              171.89 171.89 171.89 171.89 171.89 171.89 
1699174868334950              171.89 171.89 171.89 171.89 171.89 171.89 
1699174868344840              171.89 171.89 171.89 171.89 171.89 171.89 
1699174868358780              171.89 171.89 171.89 171.89 171.89 171.89 
1699174868393680              171.89 171.89 171.89 171.89 171.89 171.89 
1699174868403190              171.89 171.89 171.89 171.89 171.89 171.89 
1699174868429190              171.89 171.89 171.89 171.89 171.89 171.89 
1699174868449130              171.89 171.89 171.89 171.89 171.89 171.89 
1699174868483120              171.89 171.89 171.89 171.89 171.89 171.89 
1699174868499020              171.89 171.89 171.89 171.89 171.89 171.89 
1699174868526050              171.89 171.89 171.89 171.89 171.89 171.89 
1699174868545930              171.89 171.89 171.89 171.89 171.89 171.89 
1699174868555710              171.89 171.89 171.89 171.89 171.89 171.89 
1699174868568090              171.89 171.89 171.89 171.89 171.89 171.89 
1699174868571690              171.89 171.89 171.89 171.89 171.89 171.89 
1699174868604370              171.89 171.89 171.89 171.89 171.89 171.89 
1699174868612160              171.89 171.89 171.89 171.89 171.89 171.89 
1699174868629060              171.89 171.89 171.89 171.89 171.89 171.89 
1699174868643800              171.89 171.89 171.89 171.89 171.89 171.89 
1699174868670220              171.89 171.89 171.89 171.89 171.89 171.89 
1699174868700890              171.89 171.89 171.89 171.89 171.89 171.89 
1699174868712340              171.89 171.89 171.89 171.89 171.89 171.89 
1699174868723610              171.89 171.89 171.89 171.89 171.89 171.89 
1699174868776930              171.89 171.89 171.89 171.89 171.89 171.89 
1699174868780340              171.89 171.89 171.89 171.89 171.89 171.89 
1699174868793400              171.89 171.89 171.89 171.89 171.89 171.89 
1699174868798960              171.89 171.89 171.89 171.89 171.89 171.89 
1699174868813420              171.89 171.89 171.89 171.89 171.89 171.89 
1699174868826150              171.89 171.89 171.89 171.89 171.89 171.89 
1699174868828070              171.89 171.89 171.89 171.89 171.89 171.89 
1699174868843380              171.89 171.89 171.89 171.89 171.89 171.89 
1699174868849990              171.89 171.89 171.89 171.89 171.89 171.89 
1699174868867850              171.89 171.89 171.89 171.89 171.89 171.89 
1699174868894180              171.89 171.89 171.89 171.89 171.89 171.89 
1699174868924140              171.89 171.89 171.89 171.89 171.89 171.89 
1699174868944460              171.89 171.89 171.89 171.89 171.89 171.89 
1699174868946760              171.89 171.89 171.89 171.89 171.89 171.89 
1699174868982140              171.89 171.89 171.89 171.89 171.89 171.89 
1699174869000180              171.89 171.89 171.89 171.89 171.89 171.89 
1699174869009120              171.89 171.89 171.89 171.89 171.89 171.89 
1699174869024270              171.89 171.89 171.89 171.89 171.89 171.89 
1699174869027480              171.89 171.89 171.89 171.89 171.89 171.89 
1699174869075510              171.89 171.89 171.89 171.89 171.89 171.89 
1699174869096490              171.89 171.89 171.89 171.89 171.89 171.89 
1699174869109320              171.89 171.89 171.89 171.89 171.89 171.89 
1699174869119450              171.89 171.89 171.89 171.89 171.89 171.89 
1699174869134750              171.89 171.89 171.89 171.89 171.89 171.89 
1699174869154530              171.89 171.89 171.89 171.89 171.89 171.89 
1699174869173530              171.89 171.89 171.89 171.89 171.89 171.89 
1699174869176350              171.89 171.89 171.89 171.89 171.89 171.89 
1699174869186900              171.89 171.89 171.89 171.89 171.89 171.89 
1699174869211490              171.89 171.89 171.89 171.89 171.89 171.89 
1699174869231720              171.89 171.89 171.89 171.89 171.89 171.89 
1699174869239550              171.89 171.89 171.89 171.89 171.89 171.89 
1699174869268060              171.89 171.89 171.89 171.89 171.89 171.89 
1699174869288040              171.89 171.89 171.89 171.89 171.89 171.89 
1699174869295900              171.89 171.89 171.89 171.89 171.89 171.89 
1699174869321290              171.89 171.89 171.89 171.89 171.89 171.89 
1699174869323190              171.89 171.89 171.89 171.89 171.89 171.89 
1699174869337460              171.89 171.89 171.89 171.89 171.89 171.89 
1699174869346720              171.89 171.89 171.89 171.89 171.89 171.89 
1699174869358610              171.89 171.89 171.89 171.89 171.89 171.89 
1699174869368490              171.89 171.89 171.89 171.89 171.89 171.89 
1699174869374070              171.89 171.89 171.89 171.89 171.89 171.89 
1699174869386880              171.89 171.89 171.89 171.89 171.89 171.89 
1699174869402200              171.89 171.89 171.89 171.89 171.89 171.89 
1699174869421480              171.89 171.89 171.89 171.89 171.89 171.89 
1699174869434840              171.89 171.89 171.89 171.89 171.89 171.89 
1699174869458000              171.89 171.89 171.89 171.89 171.89 171.89 
1699174869462150              171.89 171.89 171.89 171.89 171.89 171.89 
1699174869476030              171.89 171.89 171.89 171.89 171.89 171.89 
1699174869489320              171.89 171.89 171.89 171.89 171.89 171.89 
1699174869500820              171.89 171.89 171.89 171.89 171.89 171.89 
1699174869506740              171.89 171.89 171.89 171.89 171.89 171.89 
1699174869519790              171.89 171.89 171.89 171.89 171.89 171.89 
1699174869534150              171.89 171.89 171.89 171.89 171.89 171.89 
1699174869548640              171.89 171.89 171.89 171.89 171.89 171.89 
1699174869551490              171.89 171.89 171.89 171.89 171.89 171.89 
1699174869566510              171.89 171.89 171.89 171.89 171.89 171.89 
1699174869593320              171.89 171.89 171.89 171.89 171.89 171.89 
1699174869609260              171.89 171.89 171.89 171.89 171.89 171.89 
1699174869625980              171.89 171.89 171.89 171.89 171.89 171.89 
1699174869655810              171.89 171.89 171.89 171.89 171.89 171.89 
1699174869667830              171.89 171.89 171.89 171.89 171.89 171.89 
1699174869676290              171.89 171.89 171.89 171.89 171.89 171.89 
1699174869698990              171.89 171.89 171.89 171.89 171.89 171.89 
1699174869715870              171.89 171.89 171.89 171.89 171.89 171.89 
1699174869726770              171.89 171.89 171.89 171.89 171.89 171.89 
1699174869739360              171.89 171.89 171.89 171.89 171.89 171.89 
1699174869764740              171.89 171.89 171.89 171.89 171.89 171.89 
1699174869783920              171.89 171.89 171.89 171.89 171.89 171.89 
1699174869797810              171.89 171.89 171.89 171.89 171.89 171.89 
1699174869801340              171.89 171.89 171.89 171.89 171.89 171.89 
1699174869813780              171.89 171.89 171.89 171.89 171.89 171.89 
1699174869850210              171.89 171.89 171.89 171.89 171.89 171.89 
1699174869869580              171.89 171.89 171.89 171.89 171.89 171.89 
1699174869889540              171.89 171.89 171.89 171.89 171.89 171.89 
1699174869902860              171.89 171.89 171.89 171.89 171.89 171.89 
1699174869916040              171.89 171.89 171.89 171.89 171.89 171.89 
1699174869932530              171.89 171.89 171.89 171.89 171.89 171.89 
1699174869942040              171.89 171.89 171.89 171.89 171.89 171.89 
1699174869958510              171.89 171.89 171.89 171.89 171.89 171.89 
1699174869978450              171.89 171.89 171.89 171.89 171.89 171.89 
1699174869993600              171.89 171.89 171.89 171.89 171.89 171.89 
1699174870010220              171.89 171.89 171.89 171.89 171.89 171.89 
1699174870025900              171.89 171.89 171.89 171.89 171.89 171.89 
1699174870032650              171.89 171.89 171.89 171.89 171.89 171.89 
1699174870046660              171.89 171.89 171.89 171.89 171.89 171.89 
1699174870055660              171.89 171.89 171.89 171.89 171.89 171.89 
1699174870059940              171.89 171.89 171.89 171.89 171.89 171.89 
1699174870070090              171.89 171.89 171.89 171.89 171.89 171.89 
1699174870078090              171.89 171.89 171.89 171.89 171.89 171.89 
1699174870087150              171.89 171.89 171.89 171.89 171.89 171.89 
1699174870098040              171.89 171.89 171.89 171.89 171.89 171.89 
1699174870111860              171.89 171.89 171.89 171.89 171.89 171.89 
1699174870118550              171.89 171.89 171.89 171.89 171.89 171.89 
1699174870133390              171.89 171.89 171.89 171.89 171.89 171.89 
1699174870139670              171.89 171.89 171.89 171.89 171.89 171.89 
1699174870170220              171.89 171.89 171.89 171.89 171.89 171.89 
1699174870191160              171.89 171.89 171.89 171.89 171.89 171.89 
1699174870198520              171.89 171.89 171.89 171.89 171.89 171.89 
1699174870224810              171.89 171.89 171.89 171.89 171.89 171.89 
1699174870226490              171.89 171.89 171.89 171.89 171.89 171.89 
1699174870235860              171.89 171.89 171.89 171.89 171.89 171.89 
1699174870261610              171.89 171.89 171.89 171.89 171.89 171.89 
1699174870271960              171.89 171.89 171.89 171.89 171.89 171.89 
1699174870276160              171.89 171.89 171.89 171.89 171.89 171.89 
1699174870301840              171.89 171.89 171.89 171.89 171.89 171.89 
1699174870311430              171.89 171.89 171.89 171.89 171.89 171.89 
1699174870338020              171.89 171.89 171.89 171.89 171.89 171.89 
1699174870348210              171.89 171.89 171.89 171.89 171.89 171.89 
1699174870354920              171.89 171.89 171.89 171.89 171.89 171.89 
1699174870385890              171.89 171.89 171.89 171.89 171.89 171.89 
1699174870401250              171.89 171.89 171.89 171.89 171.89 171.89 
1699174870411020              171.89 171.89 171.89 171.89 171.89 171.89 
1699174870415590              171.89 171.89 171.89 171.89 171.89 171.89 
1699174870439790              171.89 171.89 171.89 171.89 171.89 171.89 
1699174870444710              171.89 171.89 171.89 171.89 171.89 171.89 
1699174870461700              171.89 171.89 171.89 171.89 171.89 171.89 
1699174870478350              171.89 171.89 171.89 171.89 171.89 171.89 
1699174870492590              171.89 171.89 171.89 171.89 171.89 171.89 
1699174870503110              171.89 171.89 171.89 171.89 171.89 171.89 
1699174870509170              171.89 171.89 171.89 171.89 171.89 171.89 
1699174870521810              171.89 171.89 171.89 171.89 171.89 171.89 
1699174870527070              171.89 171.89 171.89 171.89 171.89 171.89 
1699174870535440              171.89 171.89 171.89 171.89 171.89 171.89 
1699174870549400              171.89 171.89 171.89 171.89 171.89 171.89 
1699174870554120              171.89 171.89 171.89 171.89 171.89 171.89 
1699174870570880              171.89 171.89 171.89 171.89 171.89 171.89 
1699174870577350              171.89 171.89 171.89 171.89 171.89 171.89 
1699174870583360              171.89 171.89 171.89 171.89 171.89 171.89 
1699174870599100              171.89 171.89 171.89 171.89 171.89 171.89 
1699174870608370              171.89 171.89 171.89 171.89 171.89 171.89 
1699174870619370              171.89 171.89 171.89 171.89 171.89 171.89 
1699174870624920              171.89 171.89 90 171.89 171.89 88.2809 
1699174870632870             88.2809 171.89 90 171.89 90.4297 171.89 
1699174870651170              171.89 171.89 171.89 171.89 171.89 171.89 
1699174870653510              171.89 171.89 171.89 171.89 171.89 171.89 
1699174870671850              171.89 171.89 171.89 171.89 171.89 171.89 
1699174870673110              171.89 171.89 171.89 171.89 171.89 171.89 
1699174870686550              171.89 171.89 90 171.89 171.89 171.89 
1699174870695970              171.89 171.89 90 171.89 171.89 171.89 
1699174870704370              171.89 171.89 171.89 171.89 171.89 171.89 
1699174870715080              171.89 171.89 171.89 171.89 171.89 171.89 
1699174870731400              171.89 90 171.89 171.89 171.89 171.89 
1699174870731560             90.8595 171.89 90.2865 171.89 171.89 171.89 
1699174870744400              171.89 171.89 171.89 171.89 171.89 171.89 
1699174870752340              171.89 171.89 171.89 171.89 171.89 171.89 
1699174870761310              171.89 171.89 171.89 171.89 171.89 171.89 
1699174870777970              171.89 171.89 171.89 171.89 171.89 171.89 
1699174870781630              171.89 171.89 171.89 171.89 90 171.89 
1699174870799470                  90 171.89 171.89 171.89 171.89 171.89 
1699174870805030             89.1405 89.5703 171.89 89.1405 171.89 90 
1699174870811510                  90 89.5703 90.573 171.89 89.5703 90 
1699174870827160              171.89 171.89 171.89 171.89 171.89 171.89 
1699174870838090              171.89 171.89 171.89 171.89 171.89 171.89 
1699174870845540              171.89 171.89 171.89 171.89 171.89 171.89 
1699174870854910              171.89 171.89 171.89 171.89 171.89 171.89 
1699174870868040              171.89 171.89 171.89 171.89 171.89 171.89 
1699174870877700              171.89 171.89 171.89 171.89 171.89 171.89 
1699174870887150              171.89 171.89 171.89 171.89 171.89 171.89 
1699174870891600              171.89 171.89 171.89 171.89 171.89 171.89 
1699174870900260              171.89 171.89 171.89 171.89 171.89 171.89 
1699174870916220              171.89 171.89 171.89 171.89 171.89 171.89 
1699174870922700              171.89 171.89 171.89 171.89 171.89 171.89 
1699174870938980              171.89 171.89 171.89 171.89 171.89 171.89 
1699174870940310              171.89 171.89 171.89 171.89 171.89 171.89 
1699174870950140              171.89 171.89 171.89 171.89 171.89 171.89 
1699174870962680              171.89 171.89 171.89 171.89 171.89 171.89 
1699174870970200              171.89 171.89 171.89 171.89 171.89 171.89 
1699174870982110              171.89 171.89 171.89 171.89 171.89 171.89 
1699174870989510              171.89 171.89 171.89 171.89 171.89 171.89 
1699174871008630             154.158 154.158 154.158 154.158 154.158 154.158 
1699174871010650             154.158 154.158 154.158 154.158 154.158 154.158 
1699174871028470             154.158 154.158 154.158 154.158 154.158 154.158 
1699174871045910             154.158 154.158 154.158 154.158 154.158 154.158 
1699174871049630             154.158 154.158 154.158 154.158 154.158 154.158 
1699174871064630             154.158 154.158 154.158 154.158 154.158 154.158 
1699174871074780             154.158 154.158 154.158 154.158 154.158 154.158 
1699174871086900             154.158 154.158 154.158 154.158 154.158 154.158 
1699174871089280             154.158 154.158 154.158 154.158 154.158 154.158 
1699174871099170             154.158 154.158 154.158 154.158 154.158 154.158 
1699174871113750             154.158 154.158 154.158 154.158 154.158 154.158 
1699174871126390             154.158 154.158 154.158 154.158 154.158 154.158 
1699174871134260             154.158 154.158 154.158 154.158 154.158 154.158 
1699174871139190             154.158 154.158 154.158 154.158 154.158 154.158 
1699174871156310             154.158 154.158 154.158 154.158 154.158 154.158 
1699174871161750             154.158 154.158 154.158 154.158 154.158 154.158 
1699174871168460             154.158 154.158 154.158 154.158 154.158 154.158 
1699174871179960             154.158 154.158 154.158 154.158 154.158 154.158 
1699174871188530             154.158 154.158 154.158 154.158 154.158 154.158 
1699174871202560             154.158 154.158 154.158 154.158 154.158 154.158 
1699174871213550             154.158 154.158 154.158 154.158 154.158 154.158 
1699174871220950             154.158 154.158 154.158 154.158 154.158 154.158 
1699174871228830             154.158 154.158 154.158 154.158 154.158 154.158 
1699174871252130             154.158 154.158 154.158 154.158 154.158 154.158 
1699174871268440             154.158 154.158 154.158 154.158 154.158 154.158 
1699174871281570             154.158 154.158 154.158 154.158 154.158 154.158 
1699174871287940             154.158 154.158 154.158 154.158 154.158 154.158 
1699174871298830             154.158 154.158 154.158 154.158 154.158 154.158 
1699174871315280             154.158 154.158 154.158 154.158 154.158 154.158 
1699174871326970             154.158 154.158 154.158 154.158 154.158 154.158 
1699174871346870             154.158 154.158 154.158 154.158 154.158 154.158 
1699174871361770             154.158 154.158 154.158 154.158 154.158 154.158 
1699174871377400             154.158 154.158 154.158 154.158 154.158 154.158 
1699174871387140             154.158 154.158 154.158 154.158 154.158 154.158 
1699174871406030             154.158 154.158 154.158 154.158 154.158 154.158 
1699174871406110             154.158 154.158 154.158 154.158 154.158 154.158 
1699174871433140             154.158 154.158 154.158 154.158 154.158 154.158 
1699174871436090             154.158 154.158 154.158 154.158 154.158 154.158 
1699174871452830             154.158 154.158 154.158 154.158 154.158 154.158 
1699174871466300             154.158 154.158 154.158 154.158 154.158 154.158 
1699174871494730             154.158 154.158 154.158 154.158 154.158 154.158 
1699174871496160             154.158 154.158 154.158 154.158 154.158 154.158 
1699174871522520             154.158 154.158 154.158 154.158 154.158 154.158 
1699174871525700             154.158 154.158 154.158 154.158 154.158 154.158 
1699174871547830             154.158 154.158 154.158 154.158 154.158 154.158 
1699174871564240             154.158 154.158 154.158 154.158 154.158 154.158 
1699174871566260             154.158 154.158 154.158 154.158 154.158 154.158 
1699174871587470             154.158 154.158 154.158 154.158 154.158 154.158 
1699174871601490             154.158 154.158 154.158 154.158 154.158 154.158 
1699174871611380             154.158 154.158 154.158 154.158 154.158 154.158 
1699174871622520             154.158 154.158 154.158 154.158 154.158 154.158 
1699174871627050             154.158 154.158 154.158 154.158 154.158 154.158 
1699174871638150             154.158 154.158 154.158 154.158 154.158 154.158 
1699174871656060             154.158 154.158 154.158 154.158 154.158 154.158 
1699174871680880             154.158 154.158 154.158 154.158 154.158 154.158 
1699174871691020             154.158 154.158 154.158 154.158 154.158 154.158 
1699174871708790             154.158 154.158 154.158 154.158 154.158 154.158 
1699174871728450             154.158 154.158 154.158 154.158 154.158 154.158 
1699174871735230             154.158 154.158 154.158 154.158 154.158 154.158 
1699174871753250             154.158 154.158 154.158 154.158 154.158 154.158 
1699174871755460             154.158 154.158 154.158 154.158 154.158 154.158 
1699174871765410             154.158 154.158 154.158 154.158 154.158 154.158 
1699174871775020             154.158 154.158 154.158 154.158 154.158 154.158 
1699174871802360             154.158 154.158 154.158 154.158 154.158 154.158 
1699174871804130             154.158 154.158 154.158 154.158 154.158 154.158 
1699174871815300             154.158 154.158 154.158 154.158 154.158 154.158 
1699174871824880             154.158 154.158 154.158 154.158 154.158 154.158 
1699174871843180             154.158 154.158 154.158 154.158 154.158 154.158 
1699174871866500             154.158 154.158 154.158 154.158 154.158 154.158 
1699174871876570             154.158 154.158 154.158 154.158 154.158 154.158 
1699174871889590             154.158 154.158 154.158 154.158 154.158 154.158 
1699174871893080             154.158 154.158 154.158 154.158 154.158 154.158 
1699174871920690             154.158 154.158 154.158 154.158 154.158 154.158 
1699174871935380             154.158 154.158 154.158 154.158 154.158 154.158 
1699174871954930             154.158 154.158 154.158 154.158 154.158 154.158 
1699174871970790             154.158 154.158 154.158 154.158 154.158 154.158 
1699174871973970             154.158 154.158 154.158 154.158 154.158 154.158 
1699174871989980             154.158 154.158 154.158 154.158 154.158 154.158 
1699174872003670             154.158 154.158 154.158 154.158 154.158 154.158 
1699174872046650             154.158 154.158 154.158 154.158 154.158 154.158 
1699174872051890             154.158 154.158 154.158 154.158 154.158 154.158 
1699174872070780             154.158 154.158 154.158 154.158 154.158 154.158 
1699174872083130             154.158 154.158 154.158 154.158 154.158 154.158 
1699174872099310             154.158 154.158 154.158 154.158 154.158 154.158 
1699174872105050             154.158 154.158 154.158 154.158 154.158 154.158 
1699174872116790             154.158 154.158 154.158 154.158 154.158 154.158 
1699174872120440             154.158 154.158 154.158 154.158 154.158 154.158 
1699174872188300             154.158 154.158 154.158 154.158 154.158 154.158 
1699174872192200             154.158 154.158 154.158 154.158 154.158 154.158 
1699174872209050             154.158 154.158 154.158 154.158 154.158 154.158 
1699174872212750             154.158 154.158 154.158 154.158 154.158 154.158 
1699174872224570             154.158 154.158 154.158 154.158 154.158 154.158 
1699174872238160             154.158 154.158 154.158 154.158 154.158 154.158 
1699174872242500             154.158 154.158 154.158 154.158 154.158 154.158 
1699174872253560             154.158 154.158 154.158 154.158 154.158 154.158 
1699174872287760             154.158 154.158 154.158 154.158 154.158 154.158 
1699174872297260             154.158 154.158 154.158 154.158 154.158 154.158 
1699174872299480             154.158 154.158 154.158 154.158 154.158 154.158 
1699174872323700             154.158 154.158 154.158 154.158 154.158 154.158 
1699174872330900             154.158 154.158 154.158 154.158 154.158 154.158 
1699174872345570             154.158 154.158 154.158 154.158 154.158 154.158 
1699174872351430             154.158 154.158 154.158 154.158 154.158 154.158 
1699174872364530             154.158 154.158 154.158 154.158 154.158 154.158 
1699174872373830             154.158 154.158 154.158 154.158 154.158 154.158 
1699174872391130             154.158 154.158 154.158 154.158 154.158 154.158 
1699174872435860             154.158 154.158 154.158 154.158 154.158 154.158 
1699174872439960             154.158 154.158 154.158 154.158 154.158 154.158 
1699174872461480             154.158 154.158 154.158 154.158 154.158 154.158 
1699174872484300             154.158 154.158 154.158 154.158 154.158 154.158 
1699174872488850             154.158 154.158 154.158 154.158 154.158 154.158 
1699174872503250             154.158 154.158 154.158 154.158 154.158 154.158 
1699174872511550             154.158 154.158 154.158 154.158 154.158 154.158 
1699174872518130             154.158 154.158 154.158 154.158 154.158 154.158 
1699174872528080             154.158 154.158 154.158 154.158 154.158 154.158 
1699174872550440             154.158 154.158 154.158 154.158 154.158 154.158 
1699174872564950             154.158 154.158 154.158 154.158 154.158 154.158 
1699174872599160             154.158 154.158 154.158 154.158 154.158 154.158 
1699174872616640             154.158 154.158 154.158 154.158 154.158 154.158 
1699174872636640             154.158 154.158 154.158 154.158 154.158 154.158 
1699174872649870             154.158 154.158 154.158 154.158 154.158 154.158 
1699174872663160             154.158 154.158 154.158 154.158 154.158 154.158 
1699174872683030             154.158 154.158 154.158 154.158 154.158 154.158 
1699174872686420             154.158 154.158 154.158 154.158 154.158 154.158 
1699174872713490             154.158 154.158 154.158 154.158 154.158 154.158 
1699174872724910             154.158 154.158 154.158 154.158 154.158 154.158 
1699174872768900             154.158 154.158 154.158 154.158 154.158 154.158 
1699174872776950             154.158 154.158 154.158 154.158 154.158 154.158 
1699174872810740             154.158 154.158 154.158 154.158 154.158 154.158 
1699174872828240             154.158 154.158 154.158 154.158 154.158 154.158 
1699174872845820             154.158 154.158 154.158 154.158 154.158 154.158 
1699174872859640             154.158 154.158 154.158 154.158 154.158 154.158 
1699174872866020             154.158 154.158 154.158 154.158 154.158 154.158 
1699174872877380             154.158 154.158 154.158 154.158 154.158 154.158 
1699174872894040             154.158 154.158 154.158 154.158 154.158 154.158 
1699174872895930             154.158 154.158 154.158 154.158 154.158 154.158 
1699174872906940             154.158 154.158 154.158 154.158 154.158 154.158 
1699174872922750             154.158 154.158 154.158 154.158 154.158 154.158 
1699174872925240             154.158 154.158 154.158 154.158 154.158 154.158 
1699174872954000             154.158 154.158 154.158 154.158 154.158 154.158 
1699174872970250             154.158 154.158 154.158 154.158 154.158 154.158 
1699174872979150             154.158 154.158 154.158 154.158 154.158 154.158 
1699174872989100             154.158 154.158 154.158 154.158 154.158 154.158 
1699174873007510             154.158 154.158 154.158 154.158 154.158 154.158 
1699174873013440             154.158 154.158 154.158 154.158 154.158 154.158 
1699174873032360             154.158 154.158 154.158 154.158 154.158 154.158 
1699174873034430             154.158 154.158 154.158 154.158 154.158 154.158 
1699174873049910             154.158 154.158 154.158 154.158 154.158 154.158 
1699174873065010             154.158 154.158 154.158 154.158 154.158 154.158 
1699174873079670             154.158 154.158 154.158 154.158 154.158 154.158 
1699174873089230             154.158 154.158 154.158 154.158 154.158 154.158 
1699174873100660             154.158 154.158 154.158 154.158 154.158 154.158 
1699174873108130             154.158 154.158 154.158 154.158 154.158 154.158 
1699174873122230             154.158 154.158 154.158 154.158 154.158 154.158 
1699174873122250             154.158 154.158 154.158 154.158 154.158 154.158 
1699174873136820             154.158 154.158 154.158 154.158 154.158 154.158 
1699174873165080             154.158 154.158 154.158 154.158 154.158 154.158 
1699174873177730             154.158 154.158 154.158 154.158 154.158 154.158 
1699174873186870             154.158 154.158 154.158 154.158 154.158 154.158 
1699174873198010             154.158 154.158 154.158 154.158 154.158 154.158 
1699174873206920             154.158 154.158 154.158 154.158 154.158 154.158 
1699174873222150             154.158 154.158 154.158 154.158 154.158 154.158 
1699174873233220             154.158 154.158 154.158 154.158 154.158 154.158 
1699174873273480             154.158 154.158 154.158 154.158 154.158 154.158 
1699174873289050             154.158 154.158 154.158 154.158 154.158 154.158 
1699174873301280             154.158 154.158 154.158 154.158 154.158 154.158 
1699174873316550             154.158 154.158 154.158 154.158 154.158 154.158 
1699174873353260             154.158 154.158 154.158 154.158 154.158 154.158 
1699174873367290             154.158 154.158 154.158 154.158 154.158 154.158 
1699174873375420             154.158 154.158 154.158 154.158 154.158 154.158 
1699174873410410             154.158 154.158 154.158 154.158 154.158 154.158 
1699174873433690             154.158 154.158 154.158 154.158 154.158 154.158 
1699174873460110             154.158 154.158 154.158 154.158 154.158 154.158 
1699174873488550             154.158 154.158 154.158 154.158 154.158 154.158 
1699174873490310             154.158 154.158 154.158 154.158 154.158 154.158 
1699174873522680             154.158 154.158 154.158 154.158 154.158 154.158 
1699174873567220             154.158 154.158 154.158 154.158 154.158 154.158 
1699174873571330             154.158 154.158 154.158 154.158 154.158 154.158 
1699174873585390             154.158 154.158 154.158 154.158 154.158 154.158 
1699174873590350             154.158 154.158 154.158 154.158 154.158 154.158 
1699174873617370             154.158 154.158 154.158 154.158 154.158 154.158 
1699174873621140             154.158 154.158 154.158 154.158 154.158 154.158 
1699174873636330             154.158 154.158 154.158 154.158 154.158 154.158 
1699174873639180             154.158 154.158 154.158 154.158 154.158 154.158 
1699174873664120             154.158 154.158 154.158 154.158 154.158 154.158 
1699174873674380             154.158 154.158 154.158 154.158 154.158 154.158 
1699174873677900             154.158 154.158 154.158 154.158 154.158 154.158 
1699174873703540             154.158 154.158 154.158 154.158 154.158 154.158 
1699174873710310             154.158 154.158 154.158 154.158 154.158 154.158 
1699174873738910             154.158 154.158 154.158 154.158 154.158 154.158 
1699174873752580             154.158 154.158 154.158 154.158 154.158 154.158 
1699174873757200             154.158 154.158 154.158 154.158 154.158 154.158 
1699174873774840             154.158 154.158 154.158 154.158 154.158 154.158 
1699174873798250             154.158 154.158 154.158 154.158 154.158 154.158 
1699174873807150             154.158 154.158 154.158 154.158 154.158 154.158 
1699174873819610             154.158 154.158 154.158 154.158 154.158 154.158 
1699174873863170             154.158 154.158 154.158 154.158 154.158 154.158 
1699174873878390             154.158 154.158 154.158 154.158 154.158 154.158 
1699174873886250             154.158 154.158 154.158 154.158 154.158 154.158 
1699174873941970             154.158 154.158 154.158 154.158 154.158 154.158 
1699174873996490             154.158 154.158 154.158 154.158 154.158 154.158 
1699174874008930             154.158 154.158 154.158 154.158 154.158 154.158 
1699174874030630             154.158 154.158 154.158 154.158 154.158 154.158 
1699174874040660             154.158 154.158 154.158 154.158 154.158 154.158 
1699174874057190             154.158 154.158 154.158 154.158 154.158 154.158 
1699174874094300             154.158 154.158 154.158 154.158 154.158 154.158 
1699174874102720             154.158 154.158 154.158 154.158 154.158 154.158 
1699174874112140             154.158 154.158 154.158 154.158 154.158 154.158 
1699174874114960             154.158 154.158 154.158 154.158 154.158 154.158 
1699174874130160             154.158 154.158 154.158 154.158 154.158 154.158 
1699174874185830             154.158 154.158 154.158 154.158 154.158 154.158 
1699174874194460             154.158 154.158 154.158 154.158 154.158 154.158 
1699174874205600             154.158 154.158 154.158 154.158 154.158 154.158 
1699174874225170             154.158 154.158 154.158 154.158 154.158 154.158 
1699174874242270             154.158 154.158 154.158 154.158 154.158 154.158 
1699174874243320             154.158 154.158 154.158 154.158 154.158 154.158 
1699174874264310             154.158 154.158 154.158 154.158 154.158 154.158 
1699174874281370             154.158 154.158 154.158 154.158 154.158 154.158 
1699174874282970             154.158 154.158 154.158 154.158 154.158 154.158 
1699174874299680             154.158 154.158 154.158 154.158 154.158 154.158 
1699174874317200             154.158 154.158 154.158 154.158 154.158 154.158 
