Timestamp (microseconds)      Peak Amplitude
1699174979796140             0.00048 0.00096 0.00144 0.00048 0.00096 0.00048 
1699174979863780             0.00048 0.00096 0.00144 0.00048 0.00096 0.00048 
1699174979883950             0.00048 0.00096 0.00144 0.00048 0.00096 0.00048 
1699174979927600             0.00048 0.00096 0.00144 0.00048 0.00096 0.00048 
1699174979971900             0.00048 0.00096 0.00144 0.00048 0.00096 0.00048 
1699174980027340             0.00048 0.00096 0.00144 0.00048 0.00096 0.00048 
1699174980030570             0.00048 0.00096 0.00144 0.00048 0.00096 0.00048 
1699174980049810             0.00048 0.00096 0.00144 0.00048 0.00096 0.00048 
1699174980055010             0.00048 0.00096 0.00144 0.00048 0.00096 0.00048 
1699174980061170             0.00048 0.00096 0.00144 0.00048 0.00096 0.00048 
1699174980073110             0.00048 0.00096 0.00144 0.00048 0.00096 0.00048 
1699174980088370             0.00048 0.00096 0.00144 0.00048 0.00096 0.00048 
1699174980106740             0.00048 0.00096 0.00144 0.00048 0.00096 0.00048 
1699174980128480             0.00048 0.00096 0.00144 0.00048 0.00096 0.00048 
1699174980185370             0.00048 0.00096 0.00144 0.00048 0.00096 0.00048 
1699174980231960             0.00048 0.00096 0.00144 0.00048 0.00096 0.00048 
1699174980315380             0.00048 0.00096 0.00144 0.00048 0.00096 0.00048 
1699174980349150             0.00048 0.00096 0.00144 0.00048 0.00096 0.00048 
1699174980364760             0.00048 0.00096 0.00144 0.00048 0.00096 0.00048 
1699174980410770             0.00048 0.00096 0.00144 0.00048 0.00096 0.00048 
1699174980429580             0.00048 0.00096 0.00144 0.00048 0.00096 0.00048 
1699174980486100             0.00048 0.00096 0.00144 0.00048 0.00096 0.00048 
1699174980488210             0.00048 0.00096 0.00144 0.00048 0.00096 0.00048 
1699174980503980             0.00048 0.00096 0.00144 0.00048 0.00096 0.00048 
1699174980515300             0.00048 0.00096 0.00144 0.00048 0.00096 0.00048 
1699174980521960             0.00048 0.00096 0.00144 0.00048 0.00096 0.00048 
1699174980530320             0.00048 0.00096 0.00144 0.00048 0.00096 0.00048 
1699174980544210                   0 0.00096 0.00144 0 0 0 
1699174980546370             0.00048 0.00096 0.00144 0 0.00096 0.00048 
1699174980565690             0.00048 0.00096 0.00144 0.00048 0.00096 0.00048 
1699174980573520             0.00048 0.00096 0.00144 0.00048 0.00096 0.00048 
1699174980580720             0.00048 0.00096 0.00144 0.00048 0.00096 0.00048 
1699174980595090             0.00048 0.00096 0.00144 0.00048 0.00096 0.00048 
1699174980600360             0.00048 0.00096 0.00144 0.00048 0.00096 0.00048 
1699174980613750             0.00048 0.00096 0.00144 0.00048 0.00096 0.00048 
1699174980619470             0.00048 0 -2e-05 0.00048 0 0.00048 
1699174980626390             0.00048 0 0.00144 0.00048 1e-05 0.00048 
1699174980644010             0.00048 0.00096 0 0.00048 0.00096 0.00048 
1699174980648050             0.00048 -1e-05 0 0.00048 0.00096 1e-05 
1699174980663950             0.00048 0.00096 0.00144 0.00048 0.00096 0.00048 
1699174980665310            -0.00015 0.00096 0 0.00048 0.00015 0.00048 
1699174980683240             0.00048 0.00096 0 0.00048 0.00096 0.00048 
1699174980685930             0.00048 0.00096 0.00144 0.00048 0.00096 0.00048 
1699174980704550             0.00048 0.00096 0.00144 0.00048 0.00096 0.00048 
1699174980705750             0.00048 0.00096 0.00144 0.00048 0.00096 0.00048 
1699174980723790             0.00048 0.00096 0.00144 0.00048 0.00096 0.00048 
1699174980725350               1e-05 0.00096 0.00144 0 1e-05 0.00048 
1699174980739130             0.00048 0.00096 0.00144 0.00048 0.00096 0.00048 
1699174980753460             0.00048 0.00096 0.00144 0.00048 0.00096 0.00048 
1699174980759400             0.00048 0.00096 0.00144 0.00048 0.00096 0.00048 
1699174980773940             0.00048 0.00096 0.00144 0.00048 0.00096 0.00048 
1699174980780590             0.00048 0.00096 0.00144 0.00048 0.00096 0.00048 
1699174980785410             0.00048 0.00096 0.00144 0.00048 0.00096 0.00048 
1699174980803120             0.00048 0.00096 0 -1e-05 0.00096 0.00048 
1699174980806320             0.00048 0.00096 0 0.00048 0.00096 0.00048 
1699174980821370             0.00048 0.00096 0.00144 0.00048 0.00096 0.00048 
1699174980832650             0.00048 0.00096 0.00144 0.00048 0.00096 0.00048 
1699174980836130             0.00048 0.00096 0.00144 0.00048 0.00096 0.00048 
1699174980846300             0.00048 0.00096 0.00144 0.00048 0.00096 0.00048 
1699174980855850             0.00048 0.00096 0.00144 0.00048 0.00096 0.00048 
1699174980868070             0.00048 0.00096 0.00144 0.00048 0.00096 0.00048 
1699174980880470             0.00048 0.00096 0.00144 0.00048 0.00096 0.00048 
1699174980886670             0.00048 0.00096 0.00144 0.00048 0.00096 0.00048 
1699174980896950             0.00048 0.00096 0.00144 0.00048 0.00096 0.00048 
1699174980903680             0.00048 0.00096 0.00144 0.00048 0.00096 0.00048 
1699174980915640             0.00048 0.00096 0.00144 0.00048 0.00096 0.00048 
1699174980931610             0.00048 0.00096 0.00144 0.00048 0.00096 0.00048 
1699174980932960             0.00048 0.00096 0.00144 0.00048 0.00096 0.00048 
1699174980950440             0.00048 0.00096 0.00144 0.00048 0.00096 0.00048 
1699174980955740             0.00048 0.00096 0.00144 0.00048 0.00096 0.00048 
1699174980969640             0.00048 0.00096 0.00144 0.00048 0.00096 0.00048 
1699174980979550             0.00048 0.00096 0.00144 0.00048 0.00096 0.00048 
1699174980984010             0.00048 0.00096 0.00144 0.00048 0.00096 0.00048 
1699174981008490             0.00056 0.00112 0.00168 0.00056 0.00112 0.00056 
1699174981020500             0.00056 0.00112 0.00168 0.00056 0.00112 0.00056 
1699174981039930             0.00056 0.00112 0.00168 0.00056 0.00112 0.00056 
1699174981044270             0.00056 0.00112 0.00168 0.00056 0.00112 0.00056 
1699174981056400             0.00056 0.00112 0.00168 0.00056 0.00112 0.00056 
1699174981075960             0.00056 0.00112 0.00168 0.00056 0.00112 0.00056 
1699174981084370             0.00056 0.00112 0.00168 0.00056 0.00112 0.00056 
1699174981098800             0.00056 0.00112 0.00168 0.00056 0.00112 0.00056 
1699174981107010             0.00056 0.00112 0.00168 0.00056 0.00112 0.00056 
1699174981129460             0.00056 0.00112 0.00168 0.00056 0.00112 0.00056 
1699174981150550             0.00056 0.00112 0.00168 0.00056 0.00112 0.00056 
1699174981163220             0.00056 0.00112 0.00168 0.00056 0.00112 0.00056 
1699174981185560             0.00056 0.00112 0.00168 0.00056 0.00112 0.00056 
1699174981195890             0.00056 0.00112 0.00168 0.00056 0.00112 0.00056 
1699174981216230             0.00056 0.00112 0.00168 0.00056 0.00112 0.00056 
1699174981229130             0.00056 0.00112 0.00168 0.00056 0.00112 0.00056 
1699174981246140             0.00056 0.00112 0.00168 0.00056 0.00112 0.00056 
1699174981275370             0.00056 0.00112 0.00168 0.00056 0.00112 0.00056 
1699174981284890             0.00056 0.00112 0.00168 0.00056 0.00112 0.00056 
1699174981295230             0.00056 0.00112 0.00168 0.00056 0.00112 0.00056 
1699174981309090             0.00056 0.00112 0.00168 0.00056 0.00112 0.00056 
1699174981311080             0.00056 0.00112 0.00168 0.00056 0.00112 0.00056 
1699174981341930             0.00056 0.00112 0.00168 0.00056 0.00112 0.00056 
1699174981356830             0.00056 0.00112 0.00168 0.00056 0.00112 0.00056 
1699174981383300             0.00056 0.00112 0.00168 0.00056 0.00112 0.00056 
1699174981398650             0.00056 0.00112 0.00168 0.00056 0.00112 0.00056 
1699174981428070             0.00056 0.00112 0.00168 0.00056 0.00112 0.00056 
1699174981429570             0.00056 0.00112 0.00168 0.00056 0.00112 0.00056 
1699174981446430             0.00056 0.00112 0.00168 0.00056 0.00112 0.00056 
1699174981462170             0.00056 0.00112 0.00168 0.00056 0.00112 0.00056 
1699174981498430             0.00056 0.00112 0.00168 0.00056 0.00112 0.00056 
1699174981517360             0.00056 0.00112 0.00168 0.00056 0.00112 0.00056 
1699174981520180             0.00056 0.00112 0.00168 0.00056 0.00112 0.00056 
1699174981531500             0.00056 0.00112 0.00168 0.00056 0.00112 0.00056 
1699174981540300             0.00056 0.00112 0.00168 0.00056 0.00112 0.00056 
1699174981563020             0.00056 0.00112 0.00168 0.00056 0.00112 0.00056 
1699174981582610             0.00056 0.00112 0.00168 0.00056 0.00112 0.00056 
1699174981596820             0.00056 0.00112 0.00168 0.00056 0.00112 0.00056 
1699174981607210             0.00056 0.00112 0.00168 0.00056 0.00112 0.00056 
1699174981607460             0.00056 0.00112 0.00168 0.00056 0.00112 0.00056 
1699174981621790             0.00056 0.00112 0.00168 0.00056 0.00112 0.00056 
1699174981628380             0.00056 0.00112 0.00168 0.00056 0.00112 0.00056 
1699174981639510             0.00056 0.00112 0.00168 0.00056 0.00112 0.00056 
1699174981676660             0.00056 0.00112 0.00168 0.00056 0.00112 0.00056 
1699174981683940             0.00056 0.00112 0.00168 0.00056 0.00112 0.00056 
1699174981705030             0.00056 0.00112 0.00168 0.00056 0.00112 0.00056 
1699174981707460             0.00056 0.00112 0.00168 0.00056 0.00112 0.00056 
1699174981723590             0.00056 0.00112 0.00168 0.00056 0.00112 0.00056 
1699174981730500             0.00056 0.00112 0.00168 0.00056 0.00112 0.00056 
1699174981752650             0.00056 0.00112 0.00168 0.00056 0.00112 0.00056 
1699174981796690             0.00056 0.00112 0.00168 0.00056 0.00112 0.00056 
1699174981806960             0.00056 0.00112 0.00168 0.00056 0.00112 0.00056 
1699174981839780             0.00056 0.00112 0.00168 0.00056 0.00112 0.00056 
1699174981862800             0.00056 0.00112 0.00168 0.00056 0.00112 0.00056 
1699174981884680             0.00056 0.00112 0.00168 0.00056 0.00112 0.00056 
1699174981885480             0.00056 0.00112 0.00168 0.00056 0.00112 0.00056 
1699174981903470             0.00056 0.00112 0.00168 0.00056 0.00112 0.00056 
1699174981930570             0.00056 0.00112 0.00168 0.00056 0.00112 0.00056 
1699174981950850             0.00056 0.00112 0.00168 0.00056 0.00112 0.00056 
1699174981963850             0.00056 0.00112 0.00168 0.00056 0.00112 0.00056 
1699174981969130             0.00056 0.00112 0.00168 0.00056 0.00112 0.00056 
1699174981997710             0.00056 0.00112 0.00168 0.00056 0.00112 0.00056 
1699174982006770             0.00056 0.00112 0.00168 0.00056 0.00112 0.00056 
1699174982042400             0.00056 0.00112 0.00168 0.00056 0.00112 0.00056 
1699174982072650             0.00056 0.00112 0.00168 0.00056 0.00112 0.00056 
1699174982075000             0.00056 0.00112 0.00168 0.00056 0.00112 0.00056 
1699174982085300             0.00056 0.00112 0.00168 0.00056 0.00112 0.00056 
1699174982093830             0.00056 0.00112 0.00168 0.00056 0.00112 0.00056 
1699174982109850             0.00056 0.00112 0.00168 0.00056 0.00112 0.00056 
1699174982119530             0.00056 0.00112 0.00168 0.00056 0.00112 0.00056 
1699174982129450             0.00056 0.00112 0.00168 0.00056 0.00112 0.00056 
1699174982151740             0.00056 0.00112 0.00168 0.00056 0.00112 0.00056 
1699174982161690             0.00056 0.00112 0.00168 0.00056 0.00112 0.00056 
1699174982184390             0.00056 0.00112 0.00168 0.00056 0.00112 0.00056 
1699174982207660             0.00056 0.00112 0.00168 0.00056 0.00112 0.00056 
1699174982229430             0.00056 0.00112 0.00168 0.00056 0.00112 0.00056 
1699174982248200             0.00056 0.00112 0.00168 0.00056 0.00112 0.00056 
1699174982296260             0.00056 0.00112 0.00168 0.00056 0.00112 0.00056 
1699174982317000             0.00056 0.00112 0.00168 0.00056 0.00112 0.00056 
1699174982373090             0.00056 0.00112 0.00168 0.00056 0.00112 0.00056 
1699174982386010             0.00056 0.00112 0.00168 0.00056 0.00112 0.00056 
1699174982428510             0.00056 0.00112 0.00168 0.00056 0.00112 0.00056 
1699174982449390             0.00056 0.00112 0.00168 0.00056 0.00112 0.00056 
1699174982474160             0.00056 0.00112 0.00168 0.00056 0.00112 0.00056 
1699174982495160             0.00056 0.00112 0.00168 0.00056 0.00112 0.00056 
1699174982560020             0.00056 0.00112 0.00168 0.00056 0.00112 0.00056 
1699174982573830             0.00056 0.00112 0.00168 0.00056 0.00112 0.00056 
1699174982594240             0.00056 0.00112 0.00168 0.00056 0.00112 0.00056 
1699174982616130             0.00056 0.00112 0.00168 0.00056 0.00112 0.00056 
1699174982658790             0.00056 0.00112 0.00168 0.00056 0.00112 0.00056 
1699174982682630             0.00056 0.00112 0.00168 0.00056 0.00112 0.00056 
1699174982707780             0.00056 0.00112 0.00168 0.00056 0.00112 0.00056 
1699174982771340             0.00056 0.00112 0.00168 0.00056 0.00112 0.00056 
1699174982790560             0.00056 0.00112 0.00168 0.00056 0.00112 0.00056 
1699174982804220             0.00056 0.00112 0.00168 0.00056 0.00112 0.00056 
1699174982818100             0.00056 0.00112 0.00168 0.00056 0.00112 0.00056 
1699174982854560             0.00056 0.00112 0.00168 0.00056 0.00112 0.00056 
1699174982861170             0.00056 0.00112 0.00168 0.00056 0.00112 0.00056 
1699174982872130             0.00056 0.00112 0.00168 0.00056 0.00112 0.00056 
1699174982890630             0.00056 0.00112 0.00168 0.00056 0.00112 -1e-05 
1699174982901370             0.00056 0.00112 0.00168 0.00056 0.00112 0.00056 
1699174982915830             0.00056 0.00112 0.00168 0.00056 0.00112 0.00056 
1699174982917810             0.00056 0.00112 0.00168 0.00056 0.00112 0.00056 
1699174982939210             0.00056 0.00112 0.00168 0.00056 0.00112 0.00056 
1699174982960850             0.00056 0.00112 0.00168 0.00056 0.00112 0.00056 
1699174982978210             0.00056 0.00112 0.00168 0.00056 0.00112 0.00056 
1699174983004730             0.00056 0.00112 0.00168 0.00056 0.00112 0.00056 
1699174983027220             0.00056 0.00112 0.00168 0.00056 0.00112 0.00056 
1699174983059560             0.00056 0.00112 0.00168 0.00056 0.00112 0.00056 
1699174983074800             0.00056 0.00112 0.00168 0.00056 0.00112 0.00056 
1699174983104350             0.00056 0.00112 0.00168 0.00056 0.00112 0.00056 
1699174983125220             0.00056 0.00112 0.00168 0.00056 0.00112 0.00056 
1699174983139900             0.00056 0.00112 0.00168 0.00056 0.00112 0.00056 
1699174983160650             0.00056 0.00112 0.00168 0.00056 0.00112 0.00056 
1699174983193340             0.00056 0.00112 0.00168 0.00056 0.00112 0.00056 
1699174983202230             0.00056 0.00112 0.00168 0.00056 0.00112 0.00056 
1699174983205250             0.00056 0.00112 0.00168 0.00056 0.00112 0.00056 
1699174983217120             0.00056 0.00112 0.00168 0.00056 0.00112 0.00056 
1699174983280710             0.00056 0.00112 0.00168 0.00056 0.00112 0.00056 
1699174983284230             0.00056 0.00112 0.00168 0.00056 0.00112 0.00056 
1699174983361270             0.00056 0.00112 0.00168 0.00056 0.00112 0.00056 
1699174983381330             0.00056 0.00112 0.00168 0.00056 0.00112 0.00056 
1699174983413510             0.00056 0.00112 0.00168 0.00056 0.00112 0.00056 
1699174983426140             0.00056 0.00112 0.00168 0.00056 0.00112 0.00056 
1699174983467940             0.00056 0.00112 0.00168 0.00056 0.00112 0.00056 
1699174983500850             0.00056 0.00112 0.00168 0.00056 0.00112 0.00056 
1699174983538570             0.00056 0.00112 0.00168 0.00056 0.00112 0.00056 
1699174983548440             0.00056 0.00112 0.00168 0.00056 0.00112 0.00056 
1699174983559320             0.00056 0.00112 0.00168 0.00056 0.00112 0.00056 
1699174983563580             0.00056 0.00112 0.00168 0.00056 0.00112 0.00056 
1699174983581090             0.00056 0.00112 0.00168 0.00056 0.00112 0.00056 
1699174983584080             0.00056 0.00112 0.00168 0.00056 0.00112 0.00056 
1699174983614940             0.00056 0.00112 0.00168 0.00056 0.00112 0.00056 
1699174983629330             0.00056 0.00112 0.00168 0.00056 0.00112 0.00056 
1699174983631460             0.00056 0.00112 0.00168 0.00056 0.00112 0.00056 
1699174983747700             0.00056 0.00112 0.00168 0.00056 0.00112 0.00056 
1699174983771000             0.00056 0.00112 0.00168 0.00056 0.00112 0.00056 
1699174983905480             0.00056 0.00112 0.00168 0.00056 0.00112 0.00056 
1699174983937240             0.00056 0.00112 0.00168 0.00056 0.00112 0.00056 
1699174983946300             0.00056 0.00112 0.00168 0.00056 0.00112 0.00056 
1699174983982350             0.00056 0.00112 0.00168 0.00056 0.00112 0.00056 
1699174984036300             0.00056 0.00112 0.00168 0.00056 0.00112 0.00056 
1699174984114920             0.00056 0.00112 0.00168 0.00056 0.00112 0.00056 
1699174984122740             0.00056 0.00112 0.00168 0.00056 0.00112 0.00056 
1699174984145790             0.00056 0.00112 0.00168 0.00056 0.00112 0.00056 
1699174984168560             0.00056 0.00112 0.00168 0.00056 0.00112 0.00056 
1699174984236140             0.00056 0.00112 0.00168 0.00056 0.00112 0.00056 
1699174984236380             0.00056 0.00112 0.00168 0.00056 0.00112 0.00056 
1699174984259560             0.00056 0.00112 0.00168 0.00056 0.00112 0.00056 
1699174984276390             0.00056 0.00112 0.00168 0.00056 0.00112 0.00056 
1699174984290700             0.00056 0.00112 0.00168 0.00056 0.00112 0.00056 
1699174984314440             0.00056 0.00112 0.00168 0.00056 0.00112 0.00056 
1699174984335560             0.00056 0.00112 0.00168 0.00056 0.00112 0.00056 
1699174984357570             0.00056 0.00112 0.00168 0.00056 0.00112 0.00056 
1699174984391350             0.00056 0.00112 0.00168 0.00056 0.00112 0.00056 
1699174984404150             0.00056 0.00112 0.00168 0.00056 0.00112 0.00056 
1699174984410660             0.00056 0.00112 0.00168 0.00056 0.00112 0.00056 
1699174984421370             0.00056 0.00112 0.00168 0.00056 0.00112 0.00056 
1699174984433880             0.00056 0.00112 0.00168 0.00056 0.00112 0.00056 
1699174984435030             0.00056 0.00112 0.00168 0.00056 0.00112 0.00056 
1699174984449830             0.00056 0.00112 0.00168 0.00056 0.00112 0.00056 
1699174984455780             0.00056 0.00112 0.00168 0.00056 0.00112 0.00056 
1699174984473010             0.00056 0.00112 0.00168 0.00056 0.00112 0.00056 
1699174984476780             0.00056 0.00112 0.00168 0.00056 0.00112 0.00056 
1699174984490610             0.00056 0.00112 0.00168 0.00056 0.00112 0.00056 
1699174984495160             0.00056 0.00112 0.00168 0.00056 0.00112 0.00056 
1699174984505050             0.00056 0.00112 0.00168 0.00056 0.00112 0.00056 
1699174984523090             0.00056 0.00112 0.00168 0.00056 0.00112 0.00056 
1699174984527520             0.00056 0.00112 0.00168 0.00056 0.00112 0.00056 
1699174984535040             0.00056 0.00112 0.00168 0.00056 0.00112 0.00056 
1699174984547260             0.00056 0.00112 0.00168 0.00056 0.00112 0.00056 
1699174984559720             0.00056 0.00112 0.00168 0.00056 0 0.00056 
1699174984564820             0.00056 0.00112 -1e-05 0.00056 0.00015 0.00056 
1699174984578290               1e-05 0.00112 0.00168 -0.00015 0.00112 1e-05 
1699174984584310             0.00056 0.00112 0.00168 1e-05 0.00112 0.00056 
1699174984598180             0.00056 0.00112 0.00168 0.00056 0.00112 0.00056 
1699174984612860             0.00056 0 0.00168 0.00056 0.00112 0.00056 
1699174984614140             0.00056 0.00112 0.00168 0.00056 0.00112 0.00056 
1699174984632490             0.00056 0.00112 0.00168 0.00056 0.00112 0.00056 
1699174984636720             0.00056 0.00112 0.00168 0.00056 0.00112 0.00056 
1699174984652410             0.00056 0.00112 0.00168 0.00056 0.00112 0.00056 
1699174984654760             0.00056 0.00112 0.00168 0.00056 0.00112 0.00056 
1699174984669300             0.00056 0.00112 0.00168 0.00056 0.00112 0.00056 
1699174984677660             0.00056 0.00112 0.00168 0.00056 0.00112 0.00056 
1699174984684380             0.00056 0.00112 0.00168 0.00056 0.00112 0.00056 
1699174984701320             0.00056 0.00112 0.00168 0.00056 0.00112 0.00056 
1699174984702830             0.00056 0.00112 0.00168 0.00056 0.00112 0.00056 
1699174984714310             0.00056 0.00112 0.00168 0.00056 0.00112 0.00056 
1699174984731100             0.00056 0.00112 0 -1e-05 0.00112 0.00056 
1699174984734220              -1e-05 1e-05 0 0.00056 1e-05 -2e-05 
1699174984750960             0.00056 0.00112 0.00168 0.00056 0.00112 0.00056 
1699174984757340             0.00056 0.00112 0.00168 0.00056 0.00112 0.00056 
1699174984763890             0.00056 0.00112 0.00168 0.00056 -2e-05 0.00056 
1699174984777290             0.00056 0.00112 0.00168 0.00056 0.00112 0.00056 
1699174984790880             0.00056 0.00112 0.00168 0.00056 0.00112 0.00056 
1699174984800540             0.00056 0.00112 0.00168 0.00056 0.00112 0.00056 
1699174984802210             0.00056 0.00112 0.00168 0.00056 0.00112 0.00056 
1699174984819420             0.00056 0.00112 0.00168 0.00056 0.00112 0.00056 
1699174984826230             0.00056 0.00112 0.00168 0.00056 0.00112 0.00056 
1699174984835310             0.00056 0.00112 0.00168 0.00056 0.00112 0.00056 
1699174984846410             0.00056 0.00112 0.00168 0.00056 0.00112 0.00056 
1699174984858810             0.00056 0.00112 0.00168 0.00056 0.00112 0.00056 
1699174984868890             0.00056 0.00112 0.00168 0.00056 0.00112 0.00056 
1699174984871780             0.00056 0.00112 0.00168 0.00056 0.00112 0.00056 
1699174984897290             0.00056 0.00112 0.00168 0.00056 0.00112 0.00056 
1699174984901210             0.00056 0.00112 0.00168 0.00056 0.00112 0.00056 
1699174984915110             0.00056 0.00112 0.00168 0.00056 0.00112 0.00056 
1699174984920650             0.00056 0.00112 0.00168 0.00056 0.00112 0.00056 
1699174984930660             0.00056 0.00112 0.00168 0.00056 0.00112 0.00056 
1699174984948090             0.00056 0.00112 0.00168 0.00056 0.00112 0.00056 
1699174984958440             0.00056 0.00112 0.00168 0.00056 0.00112 0.00056 
1699174984969630             0.00056 0.00112 0.00168 0.00056 0.00112 0.00056 
1699174984970980             0.00056 0.00112 0.00168 0.00056 0.00112 0.00056 
1699174984983810             0.00056 0.00112 0.00168 0.00056 0.00112 0.00056 
1699174984992970             0.00056 0.00112 0.00168 0.00056 0.00112 0.00056 
1699174985004290             0.00056 0.00112 0.00168 0.00056 0.00112 0.00056 
1699174985012920             0.00056 0.00112 0.00168 0.00056 0.00112 0.00056 
1699174985030710             0.00056 0.00112 0.00168 0.00056 0.00112 0.00056 
1699174985041650             0.00056 0.00112 0.00168 0.00056 0.00112 0.00056 
1699174985056620             0.00056 0.00112 0.00168 0.00056 0.00112 0.00056 
1699174985079750             0.00056 0.00112 0.00168 0.00056 0.00112 0.00056 
1699174985099350             0.00056 0.00112 0.00168 0.00056 0.00112 0.00056 
1699174985113600             0.00056 0.00112 0.00168 0.00056 0.00112 0.00056 
1699174985121970             0.00056 0.00112 0.00168 0.00056 0.00112 0.00056 
1699174985170330             0.00056 0.00112 0.00168 0.00056 0.00112 0.00056 
1699174985212980             0.00056 0.00112 0.00168 0.00056 0.00112 0.00056 
1699174985233650             0.00056 0.00112 0.00168 0.00056 0.00112 0.00056 
1699174985267770             0.00056 0.00112 0.00168 0.00056 0.00112 0.00056 
1699174985269430                   0 2e-05 1e-05 -1e-05 0.00112 -1e-05 
1699174985280660             0.00056 0.00112 0.00168 0.00056 0.00112 0.00056 
1699174985296740             0.00056 0.00112 0.00168 0.00056 0.00112 0.00056 
1699174985298680             0.00056 0.00112 0.00168 0.00056 0.00112 0.00056 
1699174985334970             0.00056 0.00112 0.00168 0.00056 0.00112 0.00056 
1699174985355030             0.00056 0.00112 0.00168 0.00056 0.00112 0.00056 
1699174985358680             0.00056 0.00112 0.00168 0.00056 0.00112 0.00056 
1699174985377280             0.00056 0.00112 0.00168 0.00056 0.00112 0.00056 
1699174985445660             0.00056 0.00112 0.00168 0.00056 0.00112 0.00056 
1699174985498440             0.00056 0.00112 0.00168 0.00056 0.00112 0.00056 
1699174985523800             0.00056 0.00112 0.00168 0.00056 0.00112 0.00056 
1699174985549240             0.00056 0.00112 0.00168 0.00056 0.00112 0.00056 
1699174985566680             0.00056 0.00112 0.00168 0.00056 0.00112 0.00056 
1699174985578520             0.00056 0.00112 0.00168 0.00056 0.00112 0.00056 
1699174985597510             0.00056 0.00112 0.00168 0.00056 0.00112 0.00056 
1699174985614040             0.00056 0.00112 0.00168 0.00056 0.00112 0.00056 
1699174985662820             0.00056 0.00112 0.00168 0.00056 0.00112 0.00056 
1699174985667040             0.00056 0.00112 0.00168 0.00056 0.00112 0.00056 
1699174985689850             0.00056 0.00112 0.00168 0.00056 0.00112 0.00056 
1699174985708650             0.00056 0.00112 0.00168 0.00056 0.00112 0.00056 
1699174985720870             0.00056 0.00112 0.00168 0.00056 0.00112 0.00056 
1699174985743600             0.00056 0.00112 0.00168 0.00056 0.00112 0.00056 
1699174985746660             0.00056 0.00112 0.00168 0.00056 0.00112 0.00056 
1699174985755840             0.00056 0.00112 0.00168 0.00056 0.00112 0.00056 
1699174985778280             0.00056 0.00112 0.00168 0.00056 0.00112 0.00056 
1699174985858860             0.00056 0.00112 0.00168 0.00056 0.00112 0.00056 
1699174985879380             0.00056 0.00112 0.00168 0.00056 0.00112 0.00056 
1699174985899790             0.00056 0.00112 0.00168 0.00056 0.00112 0.00056 
1699174985933760             0.00056 0.00112 0.00168 0.00056 0.00112 0.00056 
1699174985954020             0.00056 0.00112 0.00168 0.00056 0.00112 0.00056 
1699174985979970             0.00056 0.00112 0.00168 0.00056 0.00112 0.00056 
1699174986010680             0.00056 0.00112 0.00168 0.00056 0.00112 0.00056 
1699174986023290             0.00056 0.00112 0.00168 0.00056 0.00112 0.00056 
1699174986034650             0.00056 0.00112 0.00168 0.00056 0.00112 0.00056 
1699174986046420             0.00056 0.00112 0.00168 0.00056 0.00112 0.00056 
1699174986055030             0.00056 0.00112 0.00168 0.00056 0.00112 0.00056 
1699174986067830             0.00056 0.00112 0.00168 0.00056 0.00112 0.00056 
1699174986078550             0.00056 0.00112 0.00168 0.00056 0.00112 0.00056 
1699174986089920             0.00056 0.00112 0.00168 0.00056 0.00112 0.00056 
1699174986100460             0.00056 0.00112 0.00168 0.00056 0.00112 0.00056 
1699174986107080             0.00056 0.00112 0.00168 0.00056 0.00112 0.00056 
1699174986112570             0.00056 0.00112 0.00168 0.00056 0.00112 0.00056 
1699174986122550             0.00056 0.00112 0.00168 0.00056 0.00112 0.00056 
1699174986137510             0.00056 0.00112 0.00168 0.00056 0.00112 0.00056 
1699174986144610             0.00056 0.00112 0.00168 0.00056 0.00112 0.00056 
1699174986169150             0.00056 0.00112 0.00168 0.00056 0.00112 0.00056 
1699174986171000             0.00056 0.00112 0.00168 0.00056 0.00112 0.00056 
1699174986188200             0.00056 0.00112 0.00168 0.00056 0.00112 0.00056 
1699174986199520             0.00056 0.00112 0.00168 0.00056 0.00112 0.00056 
1699174986201210             0.00056 0.00112 0.00168 0.00056 0.00112 0.00056 
1699174986218790             0.00056 0.00112 0.00168 0.00056 0.00112 0.00056 
1699174986220320             0.00056 0.00112 0.00168 0.00056 0.00112 0.00056 
1699174986235640             0.00056 0.00112 0.00168 0.00056 0.00112 0.00056 
1699174986244060             0.00056 0.00112 0.00168 0.00056 0.00112 0.00056 
1699174986255630             0.00056 0.00112 0.00168 0.00056 0.00112 0.00056 
1699174986267160             0.00056 0.00112 0.00168 0.00056 0.00112 0.00056 
1699174986274340             0.00056 0.00112 0.00168 0.00056 0.00112 0.00056 
1699174986288440             0.00056 0.00112 0.00168 0.00056 0.00112 0.00056 
1699174986289980             0.00056 0.00112 0.00168 0.00056 0.00112 0.00056 
1699174986302540             0.00056 0.00112 0.00168 0.00056 0.00112 0.00056 
1699174986312310             0.00056 0.00112 0.00168 0.00056 0.00112 0.00056 
1699174986321960             0.00056 0.00112 0.00168 0.00056 0.00112 0.00056 
1699174986344930             0.00056 0.00112 0.00168 0.00056 0.00112 0.00056 
1699174986355540             0.00056 0.00112 0.00168 0.00056 0.00112 0.00056 
1699174986368740             0.00056 0.00112 0.00168 0.00056 0.00112 0.00056 
1699174986376850             0.00056 0.00112 0.00168 0.00056 0.00112 0.00056 
1699174986379660             0.00056 0.00112 0.00168 0.00056 0.00112 0.00056 
1699174986396360             0.00056 0.00112 0.00168 0.00056 0.00112 0.00056 
1699174986401760             0.00056 0.00112 0.00168 0.00056 0.00112 0.00056 
1699174986425830             0.00056 0.00112 0.00168 0.00056 0.00112 0.00056 
1699174986430970             0.00056 0.00112 0.00168 0.00056 0.00112 0.00056 
1699174986445520             0.00056 0.00112 0.00168 0.00056 0.00112 0.00056 
1699174986453550             0.00056 0.00112 0.00168 0.00056 0.00112 0.00056 
1699174986468060             0.00056 0.00112 0.00168 0.00056 0.00112 0.00056 
1699174986484290             0.00056 0.00112 0.00168 0.00056 0.00112 0.00056 
1699174986489000             0.00056 0.00112 0.00168 0.00056 0.00112 0.00056 
1699174986513500             0.00056 0.00112 0.00168 0.00056 0.00112 0.00056 
1699174986523140             0.00056 0.00112 0.00168 0.00056 0.00112 0.00056 
1699174986535150             0.00056 0.00112 0.00168 0.00056 0.00112 0.00056 
1699174986543560             0.00056 0.00112 0.00168 0.00056 0.00112 0.00056 
1699174986556460             0.00056 0.00112 0.00168 0.00056 0.00112 0.00056 
1699174986563920             0.00056 0.00112 0.00168 0.00056 0.00112 0.00056 
1699174986568160             0.00056 0.00112 0.00168 0.00056 0.00112 0.00056 
1699174986577430             0.00056 0.00112 0.00168 0.00056 0.00112 0.00056 
1699174986593910             0.00056 0.00112 0.00168 0.00056 0.00112 0.00056 
1699174986597150             0.00056 0.00112 0.00168 0.00056 0.00112 0.00056 
1699174986610840             0.00056 0.00112 0.00168 0.00056 0.00112 0.00056 
1699174986643670             0.00056 0.00112 0.00168 0.00056 0.00112 0.00056 
1699174986654270             0.00056 0.00112 0.00168 0.00056 0.00112 0.00056 
1699174986663240             0.00056 0.00112 0.00168 0.00056 0.00112 0.00056 
1699174986668200             0.00056 0.00112 0.00168 0.00056 0.00112 0.00056 
1699174986682440             0.00056 0.00112 0.00168 0.00056 0.00112 0.00056 
1699174986688450             0.00056 0.00112 0.00168 0.00056 0.00112 0.00056 
1699174986698510             0.00056 0.00112 0.00168 0.00056 0.00112 0.00056 
1699174986711460             0.00056 0.00112 0.00168 0.00056 0.00112 0.00056 
1699174986726040             0.00056 0.00112 0.00168 0.00056 0.00112 0.00056 
1699174986735320             0.00056 0.00112 0.00168 0.00056 0.00112 0.00056 
1699174986767740             0.00056 0.00112 0.00168 0.00056 0.00112 0.00056 
1699174986800400             0.00056 0.00112 0.00168 0.00056 0.00112 0.00056 
1699174986809800             0.00056 0.00112 0.00168 0.00056 0.00112 0.00056 
1699174986822270             0.00056 0.00112 0.00168 0.00056 0.00112 0.00056 
1699174986830690             0.00056 0.00112 0.00168 0.00056 0.00112 0.00056 
1699174986843750             0.00056 0.00112 0.00168 0.00056 0.00112 0.00056 
1699174986850030             0.00056 0.00112 0.00168 0.00056 0.00112 0.00056 
1699174986873230             0.00056 0.00112 0.00168 0.00056 0.00112 0.00056 
1699174986875880             0.00056 0.00112 0.00168 0.00056 0.00112 0.00056 
1699174986907820             0.00056 0.00112 0.00168 0.00056 0.00112 0.00056 
1699174986931030             0.00056 0.00112 0.00168 0.00056 0.00112 0.00056 
1699174986943530             0.00056 0.00112 0.00168 0.00056 0.00112 0.00056 
1699174986954220             0.00056 0.00112 0.00168 0.00056 0.00112 0.00056 
1699174986955550             0.00056 0.00112 0.00168 0.00056 0.00112 0.00056 
1699174986965120             0.00056 0.00112 0.00168 0.00056 0.00112 0.00056 
1699174986975830             0.00056 0.00112 0.00168 0.00056 0.00112 0.00056 
1699174986987190             0.00056 0.00112 0.00168 0.00056 0.00112 0.00056 
1699174987009180             0.00056 0.00112 0.00168 0.00056 0.00112 0.00056 
1699174987022880             0.00056 0.00112 0.00168 0.00056 0.00112 0.00056 
1699174987025810             0.00056 0.00112 0.00168 0.00056 0.00112 0.00056 
1699174987063300             0.00056 0.00112 0.00168 0.00056 0.00112 0.00056 
1699174987063740             0.00056 0.00112 0.00168 0.00056 0.00112 0.00056 
1699174987075800             0.00056 0.00112 0.00168 0.00056 0.00112 0.00056 
1699174987088500             0.00056 0.00112 0.00168 0.00056 0.00112 0.00056 
1699174987097820             0.00056 0.00112 0.00168 0.00056 0.00112 0.00056 
1699174987107780             0.00056 0.00112 0.00168 0.00056 0.00112 0.00056 
1699174987114850             0.00056 0.00112 0.00168 0.00056 0.00112 0.00056 
1699174987130560             0.00056 0.00112 0.00168 0.00056 0.00112 0.00056 
1699174987133440             0.00056 0.00112 0.00168 0.00056 0.00112 0.00056 
1699174987143640             0.00056 0.00112 0.00168 0.00056 0.00112 0.00056 
1699174987163810             0.00056 0.00112 0.00168 0.00056 0.00112 0.00056 
1699174987187720             0.00056 0.00112 0.00168 0.00056 0.00112 0.00056 
1699174987210760             0.00056 0.00112 0.00168 0.00056 0.00112 0.00056 
1699174987219710             0.00056 0.00112 0.00168 0.00056 0.00112 0.00056 
1699174987226140             0.00056 0.00112 0.00168 0.00056 0.00112 0.00056 
1699174987265590             0.00056 0.00112 0.00168 0.00056 0.00112 0.00056 
1699174987310240             0.00056 0.00112 0.00168 0.00056 0.00112 0.00056 
1699174987319140             0.00056 0.00112 0.00168 0.00056 0.00112 0.00056 
1699174987321340             0.00056 0.00112 0.00168 0.00056 0.00112 0.00056 
1699174987332150             0.00056 0.00112 0.00168 0.00056 0.00112 0.00056 
1699174987353480             0.00056 0.00112 0.00168 0.00056 0.00112 0.00056 
1699174987365490             0.00056 0.00112 0.00168 0.00056 0.00112 0.00056 
1699174987374180             0.00056 0.00112 0.00168 0.00056 0.00112 0.00056 
1699174987386880             0.00056 0.00112 0.00168 0.00056 0.00112 0.00056 
1699174987407380             0.00056 0.00112 0.00168 0.00056 0.00112 0.00056 
1699174987411310             0.00056 0.00112 0.00168 0.00056 0.00112 0.00056 
1699174987452690             0.00056 0.00112 0.00168 0.00056 0.00112 0.00056 
1699174987464140             0.00056 0.00112 0.00168 0.00056 0.00112 0.00056 
1699174987498320             0.00056 0.00112 0.00168 0.00056 0.00112 0.00056 
1699174987503670             0.00056 0.00112 0.00168 0.00056 0.00112 0.00056 
1699174987509870             0.00056 0.00112 0.00168 0.00056 0.00112 0.00056 
1699174987532480             0.00056 0.00112 0.00168 0.00056 0.00112 0.00056 
1699174987574360             0.00056 0.00112 0.00168 0.00056 0.00112 0.00056 
1699174987589910             0.00056 0.00112 0.00168 0.00056 0.00112 0.00056 
1699174987601280             0.00056 0.00112 0.00168 0.00056 0.00112 0.00056 
1699174987621410             0.00056 0.00112 0.00168 0.00056 0.00112 0.00056 
1699174987629790             0.00056 0.00112 0.00168 0.00056 0.00112 0.00056 
1699174987648390             0.00056 0.00112 0.00168 0.00056 0.00112 0.00056 
1699174987648750              -1e-05 1e-05 0 0.00056 1e-05 -2e-05 
1699174987668450             0.00056 0.00112 0.00168 0.00056 0.00112 0.00056 
1699174987675710             0.00056 0.00112 0.00168 0.00056 0.00112 0.00056 
1699174987680110             0.00056 0.00112 0.00168 0.00056 0.00112 0.00056 
1699174987707940             0.00056 0.00112 0.00168 0.00056 0.00112 0.00056 
1699174987710220             0.00056 0.00112 0.00168 0.00056 0.00112 0.00056 
1699174987719980             0.00056 0.00112 0.00168 0.00056 0.00112 0.00056 
1699174987733430             0.00056 0.00112 0.00168 0.00056 0.00112 0.00056 
1699174987786670             0.00056 0.00112 0.00168 0.00056 0.00112 0.00056 
1699174987807170             0.00056 0.00112 0.00168 0.00056 0.00112 0.00056 
1699174987834340             0.00056 0.00112 0.00168 0.00056 0.00112 0.00056 
1699174987864690             0.00056 0.00112 0.00168 0.00056 0.00112 0.00056 
1699174987877660             0.00056 0.00112 0.00168 0.00056 0.00112 0.00056 
1699174987913730             0.00056 0.00112 0.00168 0.00056 0.00112 0.00056 
1699174987926450             0.00056 0.00112 0.00168 0.00056 0.00112 0.00056 
1699174987955140             0.00056 0.00112 0.00168 0.00056 0.00112 0.00056 
1699174987962130             0.00056 0.00112 0.00168 0.00056 0.00112 0.00056 
1699174987998790             0.00056 0.00112 0.00168 0.00056 0.00112 0.00056 
1699174988048160             0.00056 0.00112 0.00168 0.00056 0.00112 0.00056 
1699174988066650             0.00056 0.00112 0.00168 0.00056 0.00112 0.00056 
1699174988097230             0.00056 0.00112 0.00168 0.00056 0.00112 0.00056 
1699174988118130             0.00056 0.00112 0.00168 0.00056 0.00112 0.00056 
1699174988161430             0.00056 0.00112 0.00168 0.00056 0.00112 0.00056 
1699174988174450             0.00056 0.00112 0.00168 0.00056 0.00112 0.00056 
1699174988198990             0.00056 0.00112 0.00168 0.00056 0.00112 0.00056 
1699174988263570             0.00056 0.00112 0.00168 0.00056 0.00112 0.00056 
1699174988295790             0.00056 0.00112 0.00168 0.00056 0.00112 0.00056 
1699174988312550             0.00056 0.00112 0.00168 0.00056 0.00112 0.00056 
1699174988318060             0.00056 0.00112 0.00168 0.00056 0.00112 0.00056 
1699174988362620             0.00056 0.00112 0.00168 0.00056 0.00112 0.00056 
1699174988374580             0.00056 0.00112 0.00168 0.00056 0.00112 0.00056 
1699174988406030             0.00056 0.00112 0.00168 0.00056 0.00112 0.00056 
1699174988439750             0.00056 0.00112 0.00168 0.00056 0.00112 0.00056 
1699174988444840             0.00056 0.00112 0.00168 0.00056 0.00112 0.00056 
1699174988493340             0.00056 0.00112 0.00168 0.00056 0.00112 0.00056 
1699174988549730             0.00056 0.00112 0.00168 0.00056 0.00112 0.00056 
1699174988562770             0.00056 0.00112 0.00168 0.00056 0.00112 0.00056 
1699174988595720             0.00056 0.00112 0.00168 0.00056 0.00112 0.00056 
1699174988640120             0.00056 0.00112 0.00168 0.00056 0.00112 0.00056 
1699174988642280             0.00056 0.00112 0.00168 0.00056 0.00112 0.00056 
1699174988718360             0.00056 0.00112 0.00168 0.00056 0.00112 0.00056 
1699174988740530             0.00056 0.00112 0.00168 0.00056 0.00112 0.00056 
1699174988807670             0.00056 0.00112 0.00168 0.00056 0.00112 0.00056 
1699174988874980             0.00056 0.00112 0.00168 0.00056 0.00112 0.00056 
1699174988974260             0.00056 0.00112 0.00168 0.00056 0.00112 0.00056 
1699174989016280             0.00056 0.00112 0.00168 0.00056 0.00112 0.00056 
1699174989017610             0.00056 0.00112 0.00168 0.00056 0.00112 0.00056 
1699174989045000             0.00056 0.00112 0.00168 0.00056 0.00112 0.00056 
1699174989113920             0.00056 0.00112 0.00168 0.00056 0.00112 0.00056 
1699174989127660             0.00056 0.00112 0.00168 0.00056 0.00112 0.00056 
1699174989140360             0.00056 0.00112 0.00168 0.00056 0.00112 0.00056 
1699174989151120             0.00056 0.00112 0.00168 0.00056 0.00112 0.00056 
1699174989161000             0.00056 0.00112 0.00168 0.00056 0.00112 0.00056 
1699174989181260             0.00056 0.00112 0.00168 0.00056 0.00112 0.00056 
1699174989203010             0.00056 0.00112 0.00168 0.00056 0.00112 0.00056 
1699174989228620             0.00056 0.00112 0.00168 0.00056 0.00112 0.00056 
1699174989239160             0.00056 0.00112 0.00168 0.00056 0.00112 0.00056 
1699174989262760             0.00056 0.00112 0.00168 0.00056 0.00112 0.00056 
1699174989306030             0.00056 0.00112 0.00168 0.00056 0.00112 0.00056 
1699174989330710             0.00056 0.00112 0.00168 0.00056 0.00112 0.00056 
1699174989372370             0.00056 0.00112 0.00168 0.00056 0.00112 0.00056 
1699174989396190             0.00056 0.00112 0.00168 0.00056 0.00112 0.00056 
1699174989426400             0.00056 0.00112 0.00168 0.00056 0.00112 0.00056 
1699174989472980             0.00056 0.00112 0.00168 0.00056 0.00112 0.00056 
1699174989528720             0.00056 0.00112 0.00168 0.00056 0.00112 0.00056 
1699174989540220             0.00056 0.00112 0.00168 0.00056 0.00112 0.00056 
1699174989560950             0.00056 0.00112 0.00168 0.00056 0.00112 0.00056 
1699174989617780             0.00056 0.00112 0.00168 0.00056 0.00112 0.00056 
1699174989629720             0.00056 0.00112 0.00168 0.00056 0.00112 0.00056 
1699174989650330             0.00056 0.00112 0.00168 0.00056 0.00112 0.00056 
1699174989708230             0.00056 0.00112 0.00168 0.00056 0.00112 0.00056 
1699174989760750             0.00056 0.00112 0.00168 0.00056 0.00112 0.00056 
1699174989772620             0.00056 0.00112 0.00168 0.00056 0.00112 0.00056 
1699174989795740             0.00056 0.00112 0.00168 0.00056 0.00112 0.00056 
1699174989863380             0.00056 0.00112 0.00168 0.00056 0.00112 0.00056 
1699174989883550             0.00056 0.00112 0.00168 0.00056 0.00112 0.00056 
1699174989927200             0.00056 0.00112 0.00168 0.00056 0.00112 0.00056 
1699174989971500             0.00056 0.00112 0.00168 0.00056 0.00112 0.00056 
1699174990026940             0.00056 0.00112 0.00168 0.00056 0.00112 0.00056 
1699174990030170             0.00056 0.00112 0.00168 0.00056 0.00112 0.00056 
1699174990047150             0.00056 0.00112 0.00168 0.00056 0.00112 0.00056 
1699174990054610             0.00056 0.00112 0.00168 0.00056 0.00112 0.00056 
1699174990060770             0.00056 0.00112 0.00168 0.00056 0.00112 0.00056 
1699174990072710             0.00056 0.00112 0.00168 0.00056 0.00112 0.00056 
1699174990087970             0.00056 0.00112 0.00168 0.00056 0.00112 0.00056 
1699174990106340             0.00056 0.00112 0.00168 0.00056 0.00112 0.00056 
1699174990128080             0.00056 0.00112 0.00168 0.00056 0.00112 0.00056 
1699174990184970             0.00056 0.00112 0.00168 0.00056 0.00112 0.00056 
1699174990231560             0.00056 0.00112 0.00168 0.00056 0.00112 0.00056 
1699174990314980             0.00056 0.00112 0.00168 0.00056 0.00112 0.00056 
1699174990348750             0.00056 0.00112 0.00168 0.00056 0.00112 0.00056 
1699174990364360             0.00056 0.00112 0.00168 0.00056 0.00112 0.00056 
1699174990410370             0.00056 0.00112 0.00168 0.00056 0.00112 0.00056 
1699174990429180             0.00056 0.00112 0.00168 0.00056 0.00112 0.00056 
1699174990485700             0.00056 0.00112 0.00168 0.00056 0.00112 0.00056 
1699174990487810             0.00056 0.00112 0.00168 0.00056 0.00112 0.00056 
1699174990503580             0.00056 0.00112 0.00168 0.00056 0.00112 0.00056 
1699174990505650             0.00056 0.00112 0.00168 0.00056 0.00112 0.00056 
1699174990521560             0.00056 0.00112 0.00168 0.00056 0.00112 0.00056 
1699174990529920             0.00056 0.00112 0.00168 0.00056 0.00112 0.00056 
1699174990543810             0.00056 0.00112 0.00168 0 0.00112 0.00056 
1699174990545970             0.00056 0.00112 0.00168 0.00056 0.00112 0.00056 
1699174990556490             0.00056 0.00112 0.00168 0.00056 0.00112 0.00056 
1699174990573120             0.00056 0.00112 0.00168 0.00056 0.00112 0.00056 
1699174990575040                   0 0.00112 0.00168 0.00056 0.00112 0.00056 
1699174990594690             0.00056 0.00112 0.00168 0.00056 0.00112 0.00056 
1699174990599960             0.00056 0.00112 0.00168 0.00056 0.00112 0.00056 
1699174990613350             0.00056 0.00112 0.00168 0.00056 0.00112 0.00056 
1699174990619070             0.00056 0 -0.00015 0.00056 0 0.00056 
1699174990625990             0.00056 0 0.00168 0.00056 0.00112 0.00056 
1699174990643610             0.00056 0.00112 0.00168 0.00056 0.00112 0.00056 
1699174990647650             0.00056 0.00112 0.00168 0.00056 0.00112 1e-05 
1699174990663550             0.00056 0.00112 0.00168 0.00056 0.00112 0.00056 
1699174990664910             0.00056 0.00112 0.00168 0.00056 0.00112 0.00056 
1699174990682840             0.00056 0.00112 0.00168 0.00056 0.00112 0.00056 
1699174990684180             0.00056 0.00112 0.00168 0.00056 0.00112 0.00056 
1699174990700510             0.00056 0.00112 0.00168 0.00056 0.00112 0.00056 
1699174990704150             0.00056 0.00112 0.00168 0.00056 0.00112 0.00056 
1699174990723390             0.00056 0.00112 0.00168 0.00056 0.00112 0.00056 
1699174990724010             0.00056 0.00112 0.00168 0 0.00112 0.00056 
1699174990738730             0.00056 0.00112 0.00168 0.00056 0.00112 0.00056 
1699174990753060             0.00056 0.00112 0.00168 0.00056 0.00112 0.00056 
1699174990759000             0.00056 0.00112 0.00168 0.00056 0.00112 0.00056 
1699174990772120             0.00056 0.00112 0.00168 0.00056 0.00112 0.00056 
1699174990780190             0.00056 0.00112 0.00168 0.00056 0.00112 0.00056 
1699174990785010             0.00056 0.00112 0.00168 0.00056 0.00112 0.00056 
1699174990802720             0.00056 0.00112 0 0.00056 0.00112 0.00056 
1699174990805920             0.00056 1e-05 0 -1e-05 0.00112 0.00056 
1699174990820970             0.00056 0.00112 0.00168 0.00056 0.00112 0.00056 
1699174990832250             0.00056 0.00112 0.00168 0.00056 0.00112 0.00056 
1699174990835730             0.00056 0.00112 0.00168 0.00056 0.00112 0.00056 
1699174990843100             0.00056 0.00112 0.00168 0.00056 0.00112 0.00056 
1699174990855450             0.00056 0.00112 0.00168 0.00056 0.00112 0.00056 
1699174990867670             0.00056 0.00112 0.00168 0.00056 0.00112 0.00056 
1699174990880070             0.00056 0.00112 0.00168 0.00056 0.00112 0.00056 
1699174990886270             0.00056 0.00112 0.00168 0.00056 0.00112 0.00056 
1699174990896550             0.00056 0.00112 0.00168 0.00056 0.00112 0.00056 
1699174990903280             0.00056 0.00112 0.00168 0.00056 0.00112 0.00056 
1699174990915240             0.00056 0.00112 0.00168 0.00056 0.00112 0.00056 
1699174990931210             0.00056 0.00112 0.00168 0.00056 0.00112 0.00056 
1699174990932560             0.00056 0.00112 0.00168 0.00056 0.00112 0.00056 
1699174990950040             0.00056 0.00112 0.00168 0.00056 0.00112 0.00056 
1699174990955340             0.00056 0.00112 0.00168 0.00056 0.00112 0.00056 
1699174990969240             0.00056 0.00112 0.00168 0.00056 0.00112 0.00056 
1699174990979150             0.00056 0.00112 0.00168 0.00056 0.00112 0.00056 
1699174990983610             0.00056 0.00112 0.00168 0.00056 0.00112 0.00056 
1699174991008030             0.00062 0.00124 0.00186 0.00062 0.00124 0.00062 
1699174991020040             0.00062 0.00124 0.00186 0.00062 0.00124 0.00062 
1699174991039470             0.00062 0.00124 0.00186 0.00062 0.00124 0.00062 
1699174991043810             0.00062 0.00124 0.00186 0.00062 0.00124 0.00062 
1699174991055940             0.00062 0.00124 0.00186 0.00062 0.00124 0.00062 
1699174991061280             0.00062 0.00124 0.00186 0.00062 0.00124 0.00062 
1699174991075500             0.00062 0.00124 0.00186 0.00062 0.00124 0.00062 
1699174991083910             0.00062 0.00124 0.00186 0.00062 0.00124 0.00062 
1699174991098340             0.00062 0.00124 0.00186 0.00062 0.00124 0.00062 
1699174991106550             0.00062 0.00124 0.00186 0.00062 0.00124 0.00062 
1699174991129000             0.00062 0.00124 0.00186 0.00062 0.00124 0.00062 
1699174991150090             0.00062 0.00124 0.00186 0.00062 0.00124 0.00062 
1699174991162760             0.00062 0.00124 0.00186 0.00062 0.00124 0.00062 
1699174991185100             0.00062 0.00124 0.00186 0.00062 0.00124 0.00062 
1699174991195430             0.00062 0.00124 0.00186 0.00062 0.00124 0.00062 
1699174991215770             0.00062 0.00124 0.00186 0.00062 0.00124 0.00062 
1699174991228670             0.00062 0.00124 0.00186 0.00062 0.00124 0.00062 
1699174991245680             0.00062 0.00124 0.00186 0.00062 0.00124 0.00062 
1699174991274910             0.00062 0.00124 0.00186 0.00062 0.00124 0.00062 
1699174991284430             0.00062 0.00124 0.00186 0.00062 0.00124 0.00062 
1699174991294770             0.00062 0.00124 0.00186 0.00062 0.00124 0.00062 
1699174991308630             0.00062 0.00124 0.00186 0.00062 0.00124 0.00062 
1699174991310620             0.00062 0.00124 0.00186 0.00062 0.00124 0.00062 
1699174991341470             0.00062 0.00124 0.00186 0.00062 0.00124 0.00062 
1699174991356370             0.00062 0.00124 0.00186 0.00062 0.00124 0.00062 
1699174991382840             0.00062 0.00124 0.00186 0.00062 0.00124 0.00062 
1699174991398190             0.00062 0.00124 0.00186 0.00062 0.00124 0.00062 
1699174991427610             0.00062 0.00124 0.00186 0.00062 0.00124 0.00062 
1699174991429110             0.00062 0.00124 0.00186 0.00062 0.00124 0.00062 
1699174991445970             0.00062 0.00124 0.00186 0.00062 0.00124 0.00062 
1699174991461710             0.00062 0.00124 0.00186 0.00062 0.00124 0.00062 
1699174991497970             0.00062 0.00124 0.00186 0.00062 0.00124 0.00062 
1699174991516900             0.00062 0.00124 0.00186 0.00062 0.00124 0.00062 
1699174991519720             0.00062 0.00124 0.00186 0.00062 0.00124 0.00062 
1699174991531040             0.00062 0.00124 0.00186 0.00062 0.00124 0.00062 
1699174991539840             0.00062 0.00124 0.00186 0.00062 0.00124 0.00062 
1699174991562560             0.00062 0.00124 0.00186 0.00062 0.00124 0.00062 
1699174991582150             0.00062 0.00124 0.00186 0.00062 0.00124 0.00062 
1699174991596360             0.00062 0.00124 0.00186 0.00062 0.00124 0.00062 
1699174991604010             0.00062 0.00124 0.00186 0.00062 0.00124 0.00062 
1699174991607000             0.00062 0.00124 0.00186 0.00062 0.00124 0.00062 
1699174991621330             0.00062 0.00124 0.00186 0.00062 0.00124 0.00062 
1699174991627920             0.00062 0.00124 0.00186 0.00062 0.00124 0.00062 
1699174991639050             0.00062 0.00124 0.00186 0.00062 0.00124 0.00062 
1699174991676200             0.00062 0.00124 0.00186 0.00062 0.00124 0.00062 
1699174991704570             0.00062 0.00124 0.00186 0.00062 0.00124 0.00062 
1699174991707000             0.00062 0.00124 0.00186 0.00062 0.00124 0.00062 
1699174991723130             0.00062 0.00124 0.00186 0.00062 0.00124 0.00062 
1699174991730040             0.00062 0.00124 0.00186 0.00062 0.00124 0.00062 
1699174991752190             0.00062 0.00124 0.00186 0.00062 0.00124 0.00062 
1699174991796230             0.00062 0.00124 0.00186 0.00062 0.00124 0.00062 
1699174991806500             0.00062 0.00124 0.00186 0.00062 0.00124 0.00062 
1699174991839320             0.00062 0.00124 0.00186 0.00062 0.00124 0.00062 
1699174991862340             0.00062 0.00124 0.00186 0.00062 0.00124 0.00062 
1699174991884220             0.00062 0.00124 0.00186 0.00062 0.00124 0.00062 
1699174991885020             0.00062 0.00124 0.00186 0.00062 0.00124 0.00062 
1699174991903010             0.00062 0.00124 0.00186 0.00062 0.00124 0.00062 
1699174991930110             0.00062 0.00124 0.00186 0.00062 0.00124 0.00062 
1699174991950390             0.00062 0.00124 0.00186 0.00062 0.00124 0.00062 
1699174991963390             0.00062 0.00124 0.00186 0.00062 0.00124 0.00062 
1699174991968670             0.00062 0.00124 0.00186 0.00062 0.00124 0.00062 
1699174991997250             0.00062 0.00124 0.00186 0.00062 0.00124 0.00062 
1699174992006310             0.00062 0.00124 0.00186 0.00062 0.00124 0.00062 
1699174992041940             0.00062 0.00124 0.00186 0.00062 0.00124 0.00062 
1699174992072190             0.00062 0.00124 0.00186 0.00062 0.00124 0.00062 
1699174992074540             0.00062 0.00124 0.00186 0.00062 0.00124 0.00062 
1699174992084840             0.00062 0.00124 0.00186 0.00062 0.00124 0.00062 
1699174992093370             0.00062 0.00124 0.00186 0.00062 0.00124 0.00062 
1699174992109390             0.00062 0.00124 0.00186 0.00062 0.00124 0.00062 
1699174992119070             0.00062 0.00124 0.00186 0.00062 0.00124 0.00062 
1699174992128990             0.00062 0.00124 0.00186 0.00062 0.00124 0.00062 
1699174992151280             0.00062 0.00124 0.00186 0.00062 0.00124 0.00062 
1699174992161230             0.00062 0.00124 0.00186 0.00062 0.00124 0.00062 
1699174992183930             0.00062 0.00124 0.00186 0.00062 0.00124 0.00062 
1699174992207200             0.00062 0.00124 0.00186 0.00062 0.00124 0.00062 
1699174992228970             0.00062 0.00124 0.00186 0.00062 0.00124 0.00062 
1699174992247740             0.00062 0.00124 0.00186 0.00062 0.00124 0.00062 
1699174992295800             0.00062 0.00124 0.00186 0.00062 0.00124 0.00062 
1699174992316540             0.00062 0.00124 0.00186 0.00062 0.00124 0.00062 
1699174992372630             0.00062 0.00124 0.00186 0.00062 0.00124 0.00062 
1699174992385550             0.00062 0.00124 0.00186 0.00062 0.00124 0.00062 
1699174992428050             0.00062 0.00124 0.00186 0.00062 0.00124 0.00062 
1699174992448930             0.00062 0.00124 0.00186 0.00062 0.00124 0.00062 
1699174992473700             0.00062 0.00124 0.00186 0.00062 0.00124 0.00062 
1699174992494700             0.00062 0.00124 0.00186 0.00062 0.00124 0.00062 
1699174992559560             0.00062 0.00124 0.00186 0.00062 0.00124 0.00062 
1699174992573370             0.00062 0.00124 0.00186 0.00062 0.00124 0.00062 
1699174992593780             0.00062 0.00124 0.00186 0.00062 0.00124 0.00062 
1699174992615670             0.00062 0.00124 0.00186 0.00062 0.00124 0.00062 
1699174992658330             0.00062 0.00124 0.00186 0.00062 0.00124 0.00062 
1699174992682170             0.00062 0.00124 0.00186 0.00062 0.00124 0.00062 
1699174992707320             0.00062 0.00124 0.00186 0.00062 0.00124 0.00062 
1699174992770880             0.00062 0.00124 0.00186 0.00062 0.00124 0.00062 
1699174992790100             0.00062 0.00124 0.00186 0.00062 0.00124 0.00062 
1699174992803760             0.00062 0.00124 0.00186 0.00062 0.00124 0.00062 
1699174992817640             0.00062 0.00124 0.00186 0.00062 0.00124 0.00062 
1699174992854100             0.00062 0.00124 0.00186 0.00062 0.00124 0.00062 
1699174992860710             0.00062 0.00124 0.00186 0.00062 0.00124 0.00062 
1699174992871670             0.00062 0.00124 0.00186 0.00062 0.00124 0.00062 
1699174992890170             0.00062 0.00124 0.00186 0.00062 0.00124 0.00062 
1699174992900910             0.00062 0.00124 0.00186 0.00062 0.00124 0.00062 
1699174992915370             0.00062 0.00124 0.00186 0.00062 0.00124 0.00062 
1699174992917350             0.00062 0.00124 0.00186 0.00062 0.00124 0.00062 
1699174992938750             0.00062 0.00124 0.00186 0.00062 0.00124 0.00062 
1699174992960390             0.00062 0.00124 0.00186 0.00062 0.00124 0.00062 
1699174992977750             0.00062 0.00124 0.00186 0.00062 0.00124 0.00062 
1699174992985660             0.00062 0.00124 0.00186 0.00062 0.00124 0.00062 
1699174993004270             0.00062 0.00124 0.00186 0.00062 0.00124 0.00062 
1699174993026760             0.00062 0.00124 0.00186 0.00062 0.00124 0.00062 
1699174993059100             0.00062 0.00124 0.00186 0.00062 0.00124 0.00062 
1699174993074340             0.00062 0.00124 0.00186 0.00062 0.00124 0.00062 
1699174993103890             0.00062 0.00124 0.00186 0.00062 0.00124 0.00062 
1699174993124760             0.00062 0.00124 0.00186 0.00062 0.00124 0.00062 
1699174993139440             0.00062 0.00124 0.00186 0.00062 0.00124 0.00062 
1699174993160190             0.00062 0.00124 0.00186 0.00062 0.00124 0.00062 
1699174993192880             0.00062 0.00124 0.00186 0.00062 0.00124 0.00062 
1699174993201770             0.00062 0.00124 0.00186 0.00062 0.00124 0.00062 
1699174993204790             0.00062 0.00124 0.00186 0.00062 0.00124 0.00062 
1699174993216660             0.00062 0.00124 0.00186 0.00062 0.00124 0.00062 
1699174993280250             0.00062 0.00124 0.00186 0.00062 0.00124 0.00062 
1699174993283770             0.00062 0.00124 0.00186 0.00062 0.00124 0.00062 
1699174993360810             0.00062 0.00124 0.00186 0.00062 0.00124 0.00062 
1699174993380870             0.00062 0.00124 0.00186 0.00062 0.00124 0.00062 
1699174993413050             0.00062 0.00124 0.00186 0.00062 0.00124 0.00062 
1699174993425680             0.00062 0.00124 0.00186 0.00062 0.00124 0.00062 
1699174993467480             0.00062 0.00124 0.00186 0.00062 0.00124 0.00062 
1699174993500390             0.00062 0.00124 0.00186 0.00062 0.00124 0.00062 
1699174993538110             0.00062 0.00124 0.00186 0.00062 0.00124 0.00062 
1699174993547980             0.00062 0.00124 0.00186 0.00062 0.00124 0.00062 
1699174993558860             0.00062 0.00124 0.00186 0.00062 0.00124 0.00062 
1699174993563120             0.00062 0.00124 0.00186 0.00062 0.00124 0.00062 
1699174993580630             0.00062 0.00124 0.00186 0.00062 0.00124 0.00062 
1699174993583620             0.00062 0.00124 0.00186 0.00062 0.00124 0.00062 
1699174993614480             0.00062 0.00124 0.00186 0.00062 0.00124 0.00062 
1699174993628870             0.00062 0.00124 0.00186 0.00062 0.00124 0.00062 
1699174993631000             0.00062 0.00124 0.00186 0.00062 0.00124 0.00062 
1699174993747240             0.00062 0.00124 0.00186 0.00062 0.00124 0.00062 
1699174993770540             0.00062 0.00124 0.00186 0.00062 0.00124 0.00062 
1699174993905020             0.00062 0.00124 0.00186 0.00062 0.00124 0.00062 
1699174993936780             0.00062 0.00124 0.00186 0.00062 0.00124 0.00062 
1699174993945840             0.00062 0.00124 0.00186 0.00062 0.00124 0.00062 
1699174993981890             0.00062 0.00124 0.00186 0.00062 0.00124 0.00062 
1699174994035840             0.00062 0.00124 0.00186 0.00062 0.00124 0.00062 
1699174994114460             0.00062 0.00124 0.00186 0.00062 0.00124 0.00062 
1699174994122280             0.00062 0.00124 0.00186 0.00062 0.00124 0.00062 
1699174994145330             0.00062 0.00124 0.00186 0.00062 0.00124 0.00062 
1699174994168100             0.00062 0.00124 0.00186 0.00062 0.00124 0.00062 
1699174994235680             0.00062 0.00124 0.00186 0.00062 0.00124 0.00062 
1699174994259100             0.00062 0.00124 0.00186 0.00062 0.00124 0.00062 
1699174994275930             0.00062 0.00124 0.00186 0.00062 0.00124 0.00062 
1699174994290240             0.00062 0.00124 0.00186 0.00062 0.00124 0.00062 
1699174994313980             0.00062 0.00124 0.00186 0.00062 0.00124 0.00062 
1699174994335100             0.00062 0.00124 0.00186 0.00062 0.00124 0.00062 
1699174994357110             0.00062 0.00124 0.00186 0.00062 0.00124 0.00062 
1699174994390890             0.00062 0.00124 0.00186 0.00062 0.00124 0.00062 
1699174994403690             0.00062 0.00124 0.00186 0.00062 0.00124 0.00062 
1699174994410200             0.00062 0.00124 0.00186 0.00062 0.00124 0.00062 
1699174994420910             0.00062 0.00124 0.00186 0.00062 0.00124 0.00062 
1699174994433420             0.00062 0.00124 0.00186 0.00062 0.00124 0.00062 
1699174994434570                   0 0 1e-05 0 1e-05 0.00062 
1699174994449370             0.00062 0.00124 0.00186 0.00062 0.00124 0.00062 
1699174994453780             0.00062 0.00124 0.00186 0.00062 0.00124 0.00062 
1699174994472550             0.00062 0.00124 0.00186 0.00062 0.00124 0.00062 
1699174994476320             0.00062 0.00124 0.00186 0.00062 0.00124 0.00062 
1699174994490150             0.00062 0.00124 0.00186 0.00062 0.00124 0.00062 
1699174994494700             0.00062 0.00124 0.00186 0.00062 0.00124 0.00062 
1699174994504590             0.00062 0.00124 0.00186 0.00062 0.00124 0.00062 
1699174994522630             0.00062 0.00124 0.00186 0.00062 0.00124 0.00062 
1699174994527060             0.00062 0.00124 0.00186 0.00062 0.00124 0.00062 
1699174994534580             0.00062 0.00124 0.00186 0.00062 0.00124 0.00062 
1699174994546800             0.00062 0.00124 0.00186 0.00062 0.00124 0.00062 
1699174994559260                   0 0.00124 0.00186 0 0.00124 0.00062 
1699174994564360             0.00062 0.00124 -2e-05 0 -1e-05 0 
1699174994577830                   0 -1e-05 0.00186 0 0.00124 0 
1699174994583850                   0 0.00124 0.00186 0.00062 0.00124 0.00062 
1699174994597720             0.00062 0.00124 0.00186 0.00062 0.00124 0.00062 
1699174994612400             0.00062 0.00124 0.00186 0.00062 0.00124 0.00062 
1699174994613680             0.00062 0.00124 0.00186 0.00062 0.00124 0.00062 
1699174994632030             0.00062 0.00124 0.00186 0.00062 0.00124 0.00062 
1699174994636260             0.00062 0.00124 0.00186 0.00062 0.00124 0.00062 
1699174994651950             0.00062 0.00124 0.00186 0.00062 0.00124 0.00062 
1699174994654300                   0 0.00124 0.00186 0.00062 0.00124 0.00062 
1699174994668840             0.00062 0.00124 0.00186 0.00062 0.00124 0.00062 
1699174994677200             0.00062 0.00124 0.00186 0.00062 0.00124 0.00062 
1699174994683920             0.00062 0.00124 0.00186 0.00062 0.00124 0.00062 
1699174994700860             0.00062 0.00124 0.00186 0.00062 0.00124 0.00062 
1699174994702370             0.00062 0.00124 0.00186 0.00062 0.00124 0.00062 
1699174994713850             0.00062 0.00124 0.00186 0.00062 0.00124 0.00062 
1699174994730640               1e-05 0.00124 0 0.00062 -1e-05 0.00062 
1699174994733760             0.00062 -1e-05 0 0.00062 -1e-05 1e-05 
1699174994750500             0.00062 0.00124 0.00186 0.00062 0.00124 0.00062 
1699174994756880             0.00062 0.00124 0.00186 0.00062 0.00124 0.00062 
1699174994763430             0.00062 0.00124 0.00186 0.00062 0 0.00062 
1699174994776830             0.00062 0.00124 0.00186 0.00062 0.00124 0.00062 
1699174994790420             0.00062 0.00124 0.00186 0.00062 0.00124 0.00062 
1699174994800080             0.00062 0.00124 0.00186 0.00062 0.00124 0.00062 
1699174994801750             0.00062 0.00124 0.00186 0.00062 0.00124 0.00062 
1699174994818960             0.00062 0.00124 0.00186 0.00062 0.00124 0.00062 
1699174994825770             0.00062 0.00124 0.00186 0.00062 0.00124 0.00062 
1699174994834850             0.00062 0.00124 0.00186 0.00062 0.00124 0.00062 
1699174994845950             0.00062 0.00124 0.00186 0.00062 0.00124 0.00062 
1699174994858350             0.00062 0.00124 0.00186 0.00062 0.00124 0.00062 
1699174994868430             0.00062 0.00124 0.00186 0.00062 0.00124 0.00062 
1699174994871320             0.00062 0.00124 0.00186 0.00062 0.00124 0.00062 
1699174994896830             0.00062 0.00124 0.00186 0.00062 0.00124 0.00062 
1699174994900750             0.00062 0.00124 0.00186 0.00062 0.00124 0.00062 
1699174994914650             0.00062 0.00124 0.00186 0.00062 0.00124 0.00062 
1699174994920190             0.00062 0.00124 0.00186 0.00062 0.00124 0.00062 
1699174994930200             0.00062 0.00124 0.00186 0.00062 0.00124 0.00062 
1699174994947630             0.00062 0.00124 0.00186 0.00062 0.00124 0.00062 
1699174994957980             0.00062 0.00124 0.00186 0.00062 0.00124 0.00062 
1699174994969170             0.00062 0.00124 0.00186 0.00062 0.00124 0.00062 
1699174994970520             0.00062 0.00124 0.00186 0.00062 0.00124 0.00062 
1699174994983350             0.00062 0.00124 0.00186 0.00062 0.00124 0.00062 
1699174994992510             0.00062 0.00124 0.00186 0.00062 0.00124 0.00062 
1699174995003830             0.00062 0.00124 0.00186 0.00062 0.00124 0.00062 
1699174995012460             0.00062 0.00124 0.00186 0.00062 0.00124 0.00062 
1699174995030250             0.00062 0.00124 0.00186 0.00062 0.00124 0.00062 
1699174995041190             0.00062 0.00124 0.00186 0.00062 0.00124 0.00062 
1699174995056160             0.00062 0.00124 0.00186 0.00062 0.00124 0.00062 
1699174995079290             0.00062 0.00124 0.00186 0.00062 0.00124 0.00062 
1699174995098890             0.00062 0.00124 0.00186 0.00062 0.00124 0.00062 
1699174995113140             0.00062 0.00124 0.00186 0.00062 0.00124 0.00062 
1699174995121510             0.00062 0.00124 0.00186 0.00062 0.00124 0.00062 
1699174995169870             0.00062 0.00124 0.00186 0.00062 0.00124 0.00062 
1699174995212520             0.00062 0.00124 0.00186 0.00062 0.00124 0.00062 
1699174995233190             0.00062 0.00124 0.00186 0.00062 0.00124 0.00062 
1699174995267190             0.00062 0.00124 0.00186 0.00062 0.00124 0.00062 
1699174995268970               1e-05 -2e-05 -1e-05 0 0.00124 1e-05 
1699174995280200             0.00062 0.00124 0.00186 0.00062 0.00124 0.00062 
1699174995296280             0.00062 0.00124 0.00186 0.00062 0.00124 0.00062 
1699174995298220             0.00062 0.00124 0.00186 0.00062 0.00124 0.00062 
1699174995334510             0.00062 0.00124 0.00186 0.00062 0.00124 0.00062 
1699174995354570             0.00062 0.00124 0.00186 0.00062 0.00124 0.00062 
1699174995358220             0.00062 0.00124 0.00186 0.00062 0.00124 0.00062 
1699174995376820             0.00062 0.00124 0.00186 0.00062 0.00124 0.00062 
1699174995445200             0.00062 0.00124 0.00186 0.00062 0.00124 0.00062 
1699174995497980             0.00062 0.00124 0.00186 0.00062 0.00124 0.00062 
1699174995523340             0.00062 0.00124 0.00186 0.00062 0.00124 0.00062 
1699174995548780             0.00062 0.00124 0.00186 0.00062 0.00124 0.00062 
1699174995566220             0.00062 0.00124 0.00186 0.00062 0.00124 0.00062 
1699174995578060             0.00062 0.00124 0.00186 0.00062 0.00124 0.00062 
1699174995597050             0.00062 0.00124 0.00186 0.00062 0.00124 0.00062 
1699174995613580             0.00062 0.00124 0.00186 0.00062 0.00124 0.00062 
1699174995662360             0.00062 0.00124 0.00186 0.00062 0.00124 0.00062 
1699174995666580             0.00062 0.00124 0.00186 0.00062 0.00124 0.00062 
1699174995689390             0.00062 0.00124 0.00186 0.00062 0.00124 0.00062 
