Timestamp (microseconds)      Peak Amplitude
1699174918568490             110.182 110.182 110.182 110.182 110.182 110.182 
1699174918601170             110.182 110.182 110.182 110.182 110.182 110.182 
1699174918608960             110.182 110.182 110.182 110.182 110.182 110.182 
1699174918625860             110.182 110.182 110.182 110.182 110.182 110.182 
1699174918640600             110.182 110.182 110.182 110.182 110.182 110.182 
1699174918644310             110.182 110.182 110.182 110.182 110.182 110.182 
1699174918667020             110.182 110.182 110.182 110.182 110.182 110.182 
1699174918697690             110.182 110.182 110.182 110.182 110.182 110.182 
1699174918709140             110.182 110.182 110.182 110.182 110.182 110.182 
1699174918720410             110.182 110.182 110.182 110.182 110.182 110.182 
1699174918777140             110.182 110.182 110.182 110.182 110.182 110.182 
1699174918790200             110.182 110.182 110.182 110.182 110.182 110.182 
1699174918795760             110.182 110.182 110.182 110.182 110.182 110.182 
1699174918810220             110.182 110.182 110.182 110.182 110.182 110.182 
1699174918821610             110.182 110.182 110.182 110.182 110.182 110.182 
1699174918822950             110.182 110.182 110.182 110.182 110.182 110.182 
1699174918840180             110.182 110.182 110.182 110.182 110.182 110.182 
1699174918846790             110.182 110.182 110.182 110.182 110.182 110.182 
1699174918864650             110.182 110.182 110.182 110.182 110.182 110.182 
1699174918890980             110.182 110.182 110.182 110.182 110.182 110.182 
1699174918920940             110.182 110.182 110.182 110.182 110.182 110.182 
1699174918941260             110.182 110.182 110.182 110.182 110.182 110.182 
1699174918943560             110.182 110.182 110.182 110.182 110.182 110.182 
1699174918978940             110.182 110.182 110.182 110.182 110.182 110.182 
1699174918996980             110.182 110.182 110.182 110.182 110.182 110.182 
1699174919005920             110.182 110.182 110.182 110.182 110.182 110.182 
1699174919018490             110.182 110.182 110.182 110.182 110.182 110.182 
1699174919021070             110.182 110.182 110.182 110.182 110.182 110.182 
1699174919072310             110.182 110.182 110.182 110.182 110.182 110.182 
1699174919093290             110.182 110.182 110.182 110.182 110.182 110.182 
1699174919106120             110.182 110.182 110.182 110.182 110.182 110.182 
1699174919116250             110.182 110.182 110.182 110.182 110.182 110.182 
1699174919131550             110.182 110.182 110.182 110.182 110.182 110.182 
1699174919151330             110.182 110.182 110.182 110.182 110.182 110.182 
1699174919173150             110.182 110.182 110.182 110.182 110.182 110.182 
1699174919183700             110.182 110.182 110.182 110.182 110.182 110.182 
1699174919208290             110.182 110.182 110.182 110.182 110.182 110.182 
1699174919228520             110.182 110.182 110.182 110.182 110.182 110.182 
1699174919236350             110.182 110.182 110.182 110.182 110.182 110.182 
1699174919264860             110.182 110.182 110.182 110.182 110.182 110.182 
1699174919284840             110.182 110.182 110.182 110.182 110.182 110.182 
1699174919292700             110.182 110.182 110.182 110.182 110.182 110.182 
1699174919318090             110.182 110.182 110.182 110.182 110.182 110.182 
1699174919319990             110.182 110.182 110.182 110.182 110.182 110.182 
1699174919334260             110.182 110.182 110.182 110.182 110.182 110.182 
1699174919343520             110.182 110.182 110.182 110.182 110.182 110.182 
1699174919355410             110.182 110.182 110.182 110.182 110.182 110.182 
1699174919365290             110.182 110.182 110.182 110.182 110.182 110.182 
1699174919370870             110.182 110.182 110.182 110.182 110.182 110.182 
1699174919383680             110.182 110.182 110.182 110.182 110.182 110.182 
1699174919399000             110.182 110.182 110.182 110.182 110.182 110.182 
1699174919417290             110.182 110.182 110.182 110.182 110.182 110.182 
1699174919418280             110.182 110.182 110.182 110.182 110.182 110.182 
1699174919431640             110.182 110.182 110.182 110.182 110.182 110.182 
1699174919454800             110.182 110.182 110.182 110.182 110.182 110.182 
1699174919458950             110.182 110.182 110.182 110.182 110.182 110.182 
1699174919472830             110.182 110.182 110.182 110.182 110.182 110.182 
1699174919486120             110.182 110.182 110.182 110.182 110.182 110.182 
1699174919503540             110.182 110.182 110.182 110.182 110.182 110.182 
1699174919516590             110.182 110.182 110.182 110.182 110.182 110.182 
1699174919530950             110.182 110.182 110.182 110.182 110.182 110.182 
1699174919545440             110.182 110.182 110.182 110.182 110.182 110.182 
1699174919548290             110.182 110.182 110.182 110.182 110.182 110.182 
1699174919563310             110.182 110.182 110.182 110.182 110.182 110.182 
1699174919590120             110.182 110.182 110.182 110.182 110.182 110.182 
1699174919606060             110.182 110.182 110.182 110.182 110.182 110.182 
1699174919622780             110.182 110.182 110.182 110.182 110.182 110.182 
1699174919652610             110.182 110.182 110.182 110.182 110.182 110.182 
1699174919664630             110.182 110.182 110.182 110.182 110.182 110.182 
1699174919673090             110.182 110.182 110.182 110.182 110.182 110.182 
1699174919691670             110.182 110.182 110.182 110.182 110.182 110.182 
1699174919695790             110.182 110.182 110.182 110.182 110.182 110.182 
1699174919712670             110.182 110.182 110.182 110.182 110.182 110.182 
1699174919723570             110.182 110.182 110.182 110.182 110.182 110.182 
1699174919732880             110.182 110.182 110.182 110.182 110.182 110.182 
1699174919736160             110.182 110.182 110.182 110.182 110.182 110.182 
1699174919761540             110.182 110.182 110.182 110.182 110.182 110.182 
1699174919780720             110.182 110.182 110.182 110.182 110.182 110.182 
1699174919792440             110.182 110.182 110.182 110.182 110.182 110.182 
1699174919798140             110.182 110.182 110.182 110.182 110.182 110.182 
1699174919810580             110.182 110.182 110.182 110.182 110.182 110.182 
1699174919847010             110.182 110.182 110.182 110.182 110.182 110.182 
1699174919866380             110.182 110.182 110.182 110.182 110.182 110.182 
1699174919886340             110.182 110.182 110.182 110.182 110.182 110.182 
1699174919899660             110.182 110.182 110.182 110.182 110.182 110.182 
1699174919912840             110.182 110.182 110.182 110.182 110.182 110.182 
1699174919929330             110.182 110.182 110.182 110.182 110.182 110.182 
1699174919938840             110.182 110.182 110.182 110.182 110.182 110.182 
1699174919955310             110.182 110.182 110.182 110.182 110.182 110.182 
1699174919975250             110.182 110.182 110.182 110.182 110.182 110.182 
1699174919990400             110.182 110.182 110.182 110.182 110.182 110.182 
1699174920007020             110.182 110.182 110.182 110.182 110.182 110.182 
1699174920022700             110.182 110.182 110.182 110.182 110.182 110.182 
1699174920029450             110.182 110.182 110.182 110.182 110.182 110.182 
1699174920033680             110.182 110.182 110.182 110.182 110.182 110.182 
1699174920052460             110.182 110.182 110.182 110.182 110.182 110.182 
1699174920056740             110.182 110.182 110.182 110.182 110.182 110.182 
1699174920062790             110.182 110.182 110.182 110.182 110.182 110.182 
1699174920074890             110.182 110.182 110.182 110.182 110.182 110.182 
1699174920083950             110.182 110.182 110.182 110.182 110.182 110.182 
1699174920094840             110.182 110.182 110.182 110.182 110.182 110.182 
1699174920108660             110.182 110.182 110.182 110.182 110.182 110.182 
1699174920115350             110.182 110.182 110.182 110.182 110.182 110.182 
1699174920130190             110.182 110.182 110.182 110.182 110.182 110.182 
1699174920136470             110.182 110.182 110.182 110.182 110.182 110.182 
1699174920167020             110.182 110.182 110.182 110.182 110.182 110.182 
1699174920187960             110.182 110.182 110.182 110.182 110.182 110.182 
1699174920195320             110.182 110.182 110.182 110.182 110.182 110.182 
1699174920213530             110.182 110.182 110.182 110.182 110.182 110.182 
1699174920221610             110.182 110.182 110.182 110.182 110.182 110.182 
1699174920232660             110.182 110.182 110.182 110.182 110.182 110.182 
1699174920258410             110.182 110.182 110.182 110.182 110.182 110.182 
1699174920268760             110.182 110.182 110.182 110.182 110.182 110.182 
1699174920272960             110.182 110.182 110.182 110.182 110.182 110.182 
1699174920298640             110.182 110.182 110.182 110.182 110.182 110.182 
1699174920308230             110.182 110.182 110.182 110.182 110.182 110.182 
1699174920334820             110.182 110.182 110.182 110.182 110.182 110.182 
1699174920345010             110.182 110.182 110.182 110.182 110.182 110.182 
1699174920351720             110.182 110.182 110.182 110.182 110.182 110.182 
1699174920382690             110.182 110.182 110.182 110.182 110.182 110.182 
1699174920398050             110.182 110.182 110.182 110.182 110.182 110.182 
1699174920407820             110.182 110.182 110.182 110.182 110.182 110.182 
1699174920412390             110.182 110.182 110.182 110.182 110.182 110.182 
1699174920436590             110.182 110.182 110.182 110.182 110.182 110.182 
1699174920441510             110.182 110.182 110.182 110.182 110.182 110.182 
1699174920458500             110.182 110.182 110.182 110.182 110.182 110.182 
1699174920475150             110.182 110.182 110.182 110.182 110.182 110.182 
1699174920488340             110.182 110.182 110.182 110.182 110.182 110.182 
1699174920489390             110.182 110.182 110.182 110.182 110.182 110.182 
1699174920505970             110.182 110.182 110.182 110.182 110.182 110.182 
1699174920518610             110.182 110.182 110.182 110.182 110.182 110.182 
1699174920523870                  90 110.182 110.182 110.182 110.182 110.182 
1699174920532240             110.182 110.182 110.182 110.182 110.182 110.182 
1699174920546200             110.182 110.182 110.182 110.182 110.182 110.182 
1699174920550920             110.182 110.182 110.182 110.182 110.182 110.182 
1699174920567680             110.182 110.182 110.182 110.182 110.182 110.182 
1699174920574150             110.182 110.182 110.182 110.182 110.182 110.182 
1699174920580160             110.182 110.182 110.182 110.182 110.182 110.182 
1699174920595900             110.182 110.182 110.182 110.182 110.182 110.182 
1699174920605170             110.182 110.182 110.182 110.182 110.182 110.182 
1699174920616170             110.182 110.182 110.182 110.182 110.182 110.182 
1699174920621720             103.003 110.182 90 110.182 110.182 110.182 
1699174920628380             110.182 110.182 110.182 89.1405 110.182 110.182 
1699174920647260             110.182 110.182 110.182 110.182 110.182 110.182 
1699174920650310             110.182 90 110.182 110.182 90 110.182 
1699174920667220             110.182 110.182 110.182 110.182 110.182 110.182 
1699174920669910             110.182 110.182 110.182 110.182 110.182 110.182 
1699174920683350             110.182 110.182 110.182 110.182 110.182 110.182 
1699174920687840             110.182 110.182 110.182 110.182 110.182 110.182 
1699174920701170             110.182 110.182 110.182 110.182 110.182 110.182 
1699174920707900             110.182 110.182 110.182 110.182 110.182 110.182 
1699174920726560             110.182 110.182 110.182 110.182 110.182 110.182 
1699174920728200                  90 90 110.182 110.182 110.182 110.182 
1699174920741200             110.182 110.182 110.182 110.182 110.182 110.182 
1699174920749140             110.182 110.182 110.182 110.182 110.182 110.182 
1699174920758110             110.182 110.182 110.182 110.182 110.182 110.182 
1699174920774770             110.182 110.182 110.182 110.182 110.182 110.182 
1699174920778430             110.182 110.182 110.182 110.182 110.182 110.182 
1699174920796270             110.182 110.182 110.182 110.182 110.182 110.182 
1699174920801830             110.182 110.182 90.2865 89.1405 110.182 110.182 
1699174920808310             110.182 110.182 110.182 89.1405 89.1405 89.1405 
1699174920823960             110.182 110.182 110.182 110.182 110.182 110.182 
1699174920834890             110.182 110.182 110.182 110.182 110.182 110.182 
1699174920842340             110.182 110.182 110.182 110.182 110.182 110.182 
1699174920851710             110.182 110.182 110.182 110.182 110.182 110.182 
1699174920864840             110.182 110.182 110.182 110.182 110.182 110.182 
1699174920874500             110.182 110.182 110.182 110.182 110.182 110.182 
1699174920883950             110.182 110.182 110.182 110.182 110.182 110.182 
1699174920886740             110.182 110.182 110.182 110.182 110.182 110.182 
1699174920897060             110.182 110.182 110.182 110.182 110.182 110.182 
1699174920913020             110.182 110.182 110.182 110.182 110.182 110.182 
1699174920919500             110.182 110.182 110.182 110.182 110.182 110.182 
1699174920932550             110.182 110.182 110.182 110.182 110.182 110.182 
1699174920937110             110.182 110.182 110.182 110.182 110.182 110.182 
1699174920946940             110.182 110.182 110.182 110.182 110.182 110.182 
1699174920959480             110.182 110.182 110.182 110.182 110.182 110.182 
1699174920967000             110.182 110.182 110.182 110.182 110.182 110.182 
1699174920978910             110.182 110.182 110.182 110.182 110.182 110.182 
1699174920985880             110.182 110.182 110.182 110.182 110.182 110.182 
1699174921003350             99.4972 99.4972 99.4972 99.4972 99.4972 99.4972 
1699174921007450             99.4972 99.4972 99.4972 99.4972 99.4972 99.4972 
1699174921021890             99.4972 99.4972 99.4972 99.4972 99.4972 99.4972 
1699174921025270             99.4972 99.4972 99.4972 99.4972 99.4972 99.4972 
1699174921042710             99.4972 99.4972 99.4972 99.4972 99.4972 99.4972 
1699174921046430             99.4972 99.4972 99.4972 99.4972 99.4972 99.4972 
1699174921061430             99.4972 99.4972 99.4972 99.4972 99.4972 99.4972 
1699174921071580             99.4972 99.4972 99.4972 99.4972 99.4972 99.4972 
1699174921083700             99.4972 99.4972 99.4972 99.4972 99.4972 99.4972 
1699174921086080             99.4972 99.4972 99.4972 99.4972 99.4972 99.4972 
1699174921095970             99.4972 99.4972 99.4972 99.4972 99.4972 99.4972 
1699174921110550             99.4972 99.4972 99.4972 99.4972 99.4972 99.4972 
1699174921123190             99.4972 99.4972 99.4972 99.4972 99.4972 99.4972 
1699174921131060             99.4972 99.4972 99.4972 99.4972 99.4972 99.4972 
1699174921135990             99.4972 99.4972 99.4972 99.4972 99.4972 99.4972 
1699174921153110             99.4972 99.4972 99.4972 99.4972 99.4972 99.4972 
1699174921158550             99.4972 99.4972 99.4972 99.4972 99.4972 99.4972 
1699174921165260             99.4972 99.4972 99.4972 99.4972 99.4972 99.4972 
1699174921176760             99.4972 99.4972 99.4972 99.4972 99.4972 99.4972 
1699174921185330             99.4972 99.4972 99.4972 99.4972 99.4972 99.4972 
1699174921199360             99.4972 99.4972 99.4972 99.4972 99.4972 99.4972 
1699174921210350             99.4972 99.4972 99.4972 99.4972 99.4972 99.4972 
1699174921217750             99.4972 99.4972 99.4972 99.4972 99.4972 99.4972 
1699174921225630             99.4972 99.4972 99.4972 99.4972 99.4972 99.4972 
1699174921248930             99.4972 99.4972 99.4972 99.4972 99.4972 99.4972 
1699174921265240             99.4972 99.4972 99.4972 99.4972 99.4972 99.4972 
1699174921278370             99.4972 99.4972 99.4972 99.4972 99.4972 99.4972 
1699174921284740             99.4972 99.4972 99.4972 99.4972 99.4972 99.4972 
1699174921295630             99.4972 99.4972 99.4972 99.4972 99.4972 99.4972 
1699174921312080             99.4972 99.4972 99.4972 99.4972 99.4972 99.4972 
1699174921313240             99.4972 99.4972 99.4972 99.4972 99.4972 99.4972 
1699174921323770             99.4972 99.4972 99.4972 99.4972 99.4972 99.4972 
1699174921343670             99.4972 99.4972 99.4972 99.4972 99.4972 99.4972 
1699174921358570             99.4972 99.4972 99.4972 99.4972 99.4972 99.4972 
1699174921374200             99.4972 99.4972 99.4972 99.4972 99.4972 99.4972 
1699174921383940             99.4972 99.4972 99.4972 99.4972 99.4972 99.4972 
1699174921400260             99.4972 99.4972 99.4972 99.4972 99.4972 99.4972 
1699174921402910             99.4972 99.4972 99.4972 99.4972 99.4972 99.4972 
1699174921429940             99.4972 99.4972 99.4972 99.4972 99.4972 99.4972 
1699174921432890             99.4972 99.4972 99.4972 99.4972 99.4972 99.4972 
1699174921449630             99.4972 99.4972 99.4972 99.4972 99.4972 99.4972 
1699174921463100             99.4972 99.4972 99.4972 99.4972 99.4972 99.4972 
1699174921490560             99.4972 99.4972 99.4972 99.4972 99.4972 99.4972 
1699174921491530             99.4972 99.4972 99.4972 99.4972 99.4972 99.4972 
1699174921501160             99.4972 99.4972 99.4972 99.4972 99.4972 99.4972 
1699174921519320             99.4972 99.4972 99.4972 99.4972 99.4972 99.4972 
1699174921522500             99.4972 99.4972 99.4972 99.4972 99.4972 99.4972 
1699174921544630             99.4972 99.4972 99.4972 99.4972 99.4972 99.4972 
1699174921563060             99.4972 99.4972 99.4972 99.4972 99.4972 99.4972 
1699174921584270             99.4972 99.4972 99.4972 99.4972 99.4972 99.4972 
1699174921598290             99.4972 99.4972 99.4972 99.4972 99.4972 99.4972 
1699174921608180             99.4972 99.4972 99.4972 99.4972 99.4972 99.4972 
1699174921619320             99.4972 99.4972 99.4972 99.4972 99.4972 99.4972 
1699174921623850             99.4972 99.4972 99.4972 99.4972 99.4972 99.4972 
1699174921634950             99.4972 99.4972 99.4972 99.4972 99.4972 99.4972 
1699174921652860             99.4972 99.4972 99.4972 99.4972 99.4972 99.4972 
1699174921677680             99.4972 99.4972 99.4972 99.4972 99.4972 99.4972 
1699174921687820             99.4972 99.4972 99.4972 99.4972 99.4972 99.4972 
1699174921705590             99.4972 99.4972 99.4972 99.4972 99.4972 99.4972 
1699174921725250             99.4972 99.4972 99.4972 99.4972 99.4972 99.4972 
1699174921732030             99.4972 99.4972 99.4972 99.4972 99.4972 99.4972 
1699174921739390             99.4972 99.4972 99.4972 99.4972 99.4972 99.4972 
1699174921750050             99.4972 99.4972 99.4972 99.4972 99.4972 99.4972 
1699174921762210             99.4972 99.4972 99.4972 99.4972 99.4972 99.4972 
1699174921771820             99.4972 99.4972 99.4972 99.4972 99.4972 99.4972 
1699174921793350             99.4972 99.4972 99.4972 99.4972 99.4972 99.4972 
1699174921800930             99.4972 99.4972 99.4972 99.4972 99.4972 99.4972 
1699174921812100             99.4972 99.4972 99.4972 99.4972 99.4972 99.4972 
1699174921821680             99.4972 99.4972 99.4972 99.4972 99.4972 99.4972 
1699174921839980             99.4972 99.4972 99.4972 99.4972 99.4972 99.4972 
1699174921863300             99.4972 99.4972 99.4972 99.4972 99.4972 99.4972 
1699174921873370             99.4972 99.4972 99.4972 99.4972 99.4972 99.4972 
1699174921886390             99.4972 99.4972 99.4972 99.4972 99.4972 99.4972 
1699174921889880             99.4972 99.4972 99.4972 99.4972 99.4972 99.4972 
1699174921898060             99.4972 99.4972 99.4972 99.4972 99.4972 99.4972 
1699174921917490             99.4972 99.4972 99.4972 99.4972 99.4972 99.4972 
1699174921932180             99.4972 99.4972 99.4972 99.4972 99.4972 99.4972 
1699174921951730             99.4972 99.4972 99.4972 99.4972 99.4972 99.4972 
1699174921965610             99.4972 99.4972 99.4972 99.4972 99.4972 99.4972 
1699174921970770             99.4972 99.4972 99.4972 99.4972 99.4972 99.4972 
1699174921986780             99.4972 99.4972 99.4972 99.4972 99.4972 99.4972 
1699174922000470             99.4972 99.4972 99.4972 99.4972 99.4972 99.4972 
1699174922007540             99.4972 99.4972 99.4972 99.4972 99.4972 99.4972 
1699174922043450             99.4972 99.4972 99.4972 99.4972 99.4972 99.4972 
1699174922048690             99.4972 99.4972 99.4972 99.4972 99.4972 99.4972 
1699174922067580             99.4972 99.4972 99.4972 99.4972 99.4972 99.4972 
1699174922079930             99.4972 99.4972 99.4972 99.4972 99.4972 99.4972 
1699174922094890             99.4972 99.4972 99.4972 99.4972 99.4972 99.4972 
1699174922096110             99.4972 99.4972 99.4972 99.4972 99.4972 99.4972 
1699174922113590             99.4972 99.4972 99.4972 99.4972 99.4972 99.4972 
1699174922117240             99.4972 99.4972 99.4972 99.4972 99.4972 99.4972 
1699174922185100             99.4972 99.4972 99.4972 99.4972 99.4972 99.4972 
1699174922185460             99.4972 99.4972 99.4972 99.4972 99.4972 99.4972 
1699174922209550             99.4972 99.4972 99.4972 99.4972 99.4972 99.4972 
1699174922221370             99.4972 99.4972 99.4972 99.4972 99.4972 99.4972 
1699174922239300             99.4972 99.4972 99.4972 99.4972 99.4972 99.4972 
1699174922250360             99.4972 99.4972 99.4972 99.4972 99.4972 99.4972 
1699174922294060             99.4972 99.4972 99.4972 99.4972 99.4972 99.4972 
1699174922296280             99.4972 99.4972 99.4972 99.4972 99.4972 99.4972 
1699174922320500             99.4972 99.4972 99.4972 99.4972 99.4972 99.4972 
1699174922327700             99.4972 99.4972 99.4972 99.4972 99.4972 99.4972 
1699174922342370             99.4972 99.4972 99.4972 99.4972 99.4972 99.4972 
1699174922348230             99.4972 99.4972 99.4972 99.4972 99.4972 99.4972 
1699174922361330             99.4972 99.4972 99.4972 99.4972 99.4972 99.4972 
1699174922370630             99.4972 99.4972 99.4972 99.4972 99.4972 99.4972 
1699174922387930             99.4972 99.4972 99.4972 99.4972 99.4972 99.4972 
1699174922432660             99.4972 99.4972 99.4972 99.4972 99.4972 99.4972 
1699174922436760             99.4972 99.4972 99.4972 99.4972 99.4972 99.4972 
1699174922458280             99.4972 99.4972 99.4972 99.4972 99.4972 99.4972 
1699174922481100             99.4972 99.4972 99.4972 99.4972 99.4972 99.4972 
1699174922485650             99.4972 99.4972 99.4972 99.4972 99.4972 99.4972 
1699174922500050             99.4972 99.4972 99.4972 99.4972 99.4972 99.4972 
1699174922508350             99.4972 99.4972 99.4972 99.4972 99.4972 99.4972 
1699174922514930             99.4972 99.4972 99.4972 99.4972 99.4972 99.4972 
1699174922524880             99.4972 99.4972 99.4972 99.4972 99.4972 99.4972 
1699174922547240             99.4972 99.4972 99.4972 99.4972 99.4972 99.4972 
1699174922561750             99.4972 99.4972 99.4972 99.4972 99.4972 99.4972 
1699174922562740             99.4972 99.4972 99.4972 99.4972 99.4972 99.4972 
1699174922595960             99.4972 99.4972 99.4972 99.4972 99.4972 99.4972 
1699174922613440             99.4972 99.4972 99.4972 99.4972 99.4972 99.4972 
1699174922633440             99.4972 99.4972 99.4972 99.4972 99.4972 99.4972 
1699174922646670             99.4972 99.4972 99.4972 99.4972 99.4972 99.4972 
1699174922659960             99.4972 99.4972 99.4972 99.4972 99.4972 99.4972 
1699174922679830             99.4972 99.4972 99.4972 99.4972 99.4972 99.4972 
1699174922683220             99.4972 99.4972 99.4972 99.4972 99.4972 99.4972 
1699174922710290             99.4972 99.4972 99.4972 99.4972 99.4972 99.4972 
1699174922721710             99.4972 99.4972 99.4972 99.4972 99.4972 99.4972 
1699174922765700             99.4972 99.4972 99.4972 99.4972 99.4972 99.4972 
1699174922773750             99.4972 99.4972 99.4972 99.4972 99.4972 99.4972 
1699174922807540             99.4972 99.4972 99.4972 99.4972 99.4972 99.4972 
1699174922825040             99.4972 99.4972 99.4972 99.4972 99.4972 99.4972 
1699174922842620             99.4972 99.4972 99.4972 99.4972 99.4972 99.4972 
1699174922856440             99.4972 99.4972 99.4972 99.4972 99.4972 99.4972 
1699174922862820             99.4972 99.4972 99.4972 99.4972 99.4972 99.4972 
1699174922874180             99.4972 99.4972 99.4972 99.4972 99.4972 99.4972 
1699174922889560             99.4972 99.4972 99.4972 99.4972 99.4972 99.4972 
1699174922892730             99.4972 99.4972 99.4972 99.4972 99.4972 99.4972 
1699174922903740             99.4972 99.4972 99.4972 99.4972 99.4972 99.4972 
1699174922919290             99.4972 99.4972 99.4972 99.4972 99.4972 99.4972 
1699174922919550             99.4972 99.4972 99.4972 99.4972 99.4972 99.4972 
1699174922950800             99.4972 99.4972 99.4972 99.4972 99.4972 99.4972 
1699174922967050             99.4972 99.4972 99.4972 99.4972 99.4972 99.4972 
1699174922975950             99.4972 99.4972 99.4972 99.4972 99.4972 99.4972 
1699174922985900             99.4972 99.4972 99.4972 99.4972 99.4972 99.4972 
1699174923004310             99.4972 99.4972 99.4972 99.4972 99.4972 99.4972 
1699174923010240             99.4972 99.4972 99.4972 99.4972 99.4972 99.4972 
1699174923029160             99.4972 99.4972 99.4972 99.4972 99.4972 99.4972 
1699174923046710             99.4972 99.4972 99.4972 99.4972 99.4972 99.4972 
1699174923061810             99.4972 99.4972 99.4972 99.4972 99.4972 99.4972 
1699174923076470             99.4972 99.4972 99.4972 99.4972 99.4972 99.4972 
1699174923086030             99.4972 99.4972 99.4972 99.4972 99.4972 99.4972 
1699174923097460             99.4972 99.4972 99.4972 99.4972 99.4972 99.4972 
1699174923104930             99.4972 99.4972 99.4972 99.4972 99.4972 99.4972 
1699174923119030             99.4972 99.4972 99.4972 99.4972 99.4972 99.4972 
1699174923133620             99.4972 99.4972 99.4972 99.4972 99.4972 99.4972 
1699174923161880             99.4972 99.4972 99.4972 99.4972 99.4972 99.4972 
1699174923174530             99.4972 99.4972 99.4972 99.4972 99.4972 99.4972 
1699174923183670             99.4972 99.4972 99.4972 99.4972 99.4972 99.4972 
1699174923194810             99.4972 99.4972 99.4972 99.4972 99.4972 99.4972 
1699174923203720             99.4972 99.4972 99.4972 99.4972 99.4972 99.4972 
1699174923218950             99.4972 99.4972 99.4972 99.4972 99.4972 99.4972 
1699174923230020             99.4972 99.4972 99.4972 99.4972 99.4972 99.4972 
1699174923270280             99.4972 99.4972 99.4972 99.4972 99.4972 99.4972 
1699174923285850             99.4972 99.4972 99.4972 99.4972 99.4972 99.4972 
1699174923298080             99.4972 99.4972 99.4972 99.4972 99.4972 99.4972 
1699174923313350             99.4972 99.4972 99.4972 99.4972 99.4972 99.4972 
1699174923350060             99.4972 99.4972 99.4972 99.4972 99.4972 99.4972 
1699174923364090             99.4972 99.4972 99.4972 99.4972 99.4972 99.4972 
1699174923372220             99.4972 99.4972 99.4972 99.4972 99.4972 99.4972 
1699174923407210             99.4972 99.4972 99.4972 99.4972 99.4972 99.4972 
1699174923430490             99.4972 99.4972 99.4972 99.4972 99.4972 99.4972 
1699174923456910             99.4972 99.4972 99.4972 99.4972 99.4972 99.4972 
1699174923484140             99.4972 99.4972 99.4972 99.4972 99.4972 99.4972 
1699174923485350             99.4972 99.4972 99.4972 99.4972 99.4972 99.4972 
1699174923519480             99.4972 99.4972 99.4972 99.4972 99.4972 99.4972 
1699174923564020             99.4972 99.4972 99.4972 99.4972 99.4972 99.4972 
1699174923568130             99.4972 99.4972 99.4972 99.4972 99.4972 99.4972 
1699174923582190             99.4972 99.4972 99.4972 99.4972 99.4972 99.4972 
1699174923584950             99.4972 99.4972 99.4972 99.4972 99.4972 99.4972 
1699174923613200             99.4972 99.4972 99.4972 99.4972 99.4972 99.4972 
1699174923614170             99.4972 99.4972 99.4972 99.4972 99.4972 99.4972 
1699174923633130             99.4972 99.4972 99.4972 99.4972 99.4972 99.4972 
1699174923635980             99.4972 99.4972 99.4972 99.4972 99.4972 99.4972 
1699174923660920             99.4972 99.4972 99.4972 99.4972 99.4972 99.4972 
1699174923671180             99.4972 99.4972 99.4972 99.4972 99.4972 99.4972 
1699174923674700             99.4972 99.4972 99.4972 99.4972 99.4972 99.4972 
1699174923700340             99.4972 99.4972 99.4972 99.4972 99.4972 99.4972 
1699174923707110             99.4972 99.4972 99.4972 99.4972 99.4972 99.4972 
1699174923735710             99.4972 99.4972 99.4972 99.4972 99.4972 99.4972 
1699174923749380             99.4972 99.4972 99.4972 99.4972 99.4972 99.4972 
1699174923754000             99.4972 99.4972 99.4972 99.4972 99.4972 99.4972 
1699174923771640             99.4972 99.4972 99.4972 99.4972 99.4972 99.4972 
1699174923795050             99.4972 99.4972 99.4972 99.4972 99.4972 99.4972 
1699174923803950             99.4972 99.4972 99.4972 99.4972 99.4972 99.4972 
1699174923816410             99.4972 99.4972 99.4972 99.4972 99.4972 99.4972 
1699174923859970             99.4972 99.4972 99.4972 99.4972 99.4972 99.4972 
1699174923875190             99.4972 99.4972 99.4972 99.4972 99.4972 99.4972 
1699174923883050             99.4972 99.4972 99.4972 99.4972 99.4972 99.4972 
1699174923938770             99.4972 99.4972 99.4972 99.4972 99.4972 99.4972 
1699174923993290             99.4972 99.4972 99.4972 99.4972 99.4972 99.4972 
1699174924005730             99.4972 99.4972 99.4972 99.4972 99.4972 99.4972 
1699174924027430             99.4972 99.4972 99.4972 99.4972 99.4972 99.4972 
1699174924037460             99.4972 99.4972 99.4972 99.4972 99.4972 99.4972 
1699174924053990             99.4972 99.4972 99.4972 99.4972 99.4972 99.4972 
1699174924099520             99.4972 99.4972 99.4972 99.4972 99.4972 99.4972 
1699174924108940             99.4972 99.4972 99.4972 99.4972 99.4972 99.4972 
1699174924111760             99.4972 99.4972 99.4972 99.4972 99.4972 99.4972 
1699174924126960             99.4972 99.4972 99.4972 99.4972 99.4972 99.4972 
1699174924130120             99.4972 99.4972 99.4972 99.4972 99.4972 99.4972 
1699174924182630             99.4972 99.4972 99.4972 99.4972 99.4972 99.4972 
1699174924191260             99.4972 99.4972 99.4972 99.4972 99.4972 99.4972 
1699174924202400             99.4972 99.4972 99.4972 99.4972 99.4972 99.4972 
1699174924221970             99.4972 99.4972 99.4972 99.4972 99.4972 99.4972 
1699174924240120             99.4972 99.4972 99.4972 99.4972 99.4972 99.4972 
1699174924261110             99.4972 99.4972 99.4972 99.4972 99.4972 99.4972 
1699174924278170             99.4972 99.4972 99.4972 99.4972 99.4972 99.4972 
1699174924279010             99.4972 99.4972 99.4972 99.4972 99.4972 99.4972 
1699174924296480             99.4972 99.4972 99.4972 99.4972 99.4972 99.4972 
1699174924314000             99.4972 99.4972 99.4972 99.4972 99.4972 99.4972 
1699174924319100             99.4972 99.4972 99.4972 99.4972 99.4972 99.4972 
1699174924334300             99.4972 99.4972 99.4972 99.4972 99.4972 99.4972 
1699174924359260             99.4972 99.4972 99.4972 99.4972 99.4972 99.4972 
1699174924379800             99.4972 99.4972 99.4972 99.4972 99.4972 99.4972 
1699174924393280             99.4972 99.4972 99.4972 99.4972 99.4972 99.4972 
1699174924404440             99.4972 99.4972 99.4972 99.4972 99.4972 99.4972 
1699174924416940             99.4972 99.4972 99.4972 99.4972 99.4972 99.4972 
1699174924420680             99.4972 99.4972 99.4972 99.4972 99.4972 99.4972 
1699174924434320             99.4972 99.4972 99.4972 99.4972 99.4972 99.4972 
1699174924437540             99.4972 99.4972 99.4972 99.4972 90 99.4972 
1699174924456370             99.4972 99.4972 99.4972 99.4972 99.4972 99.4972 
1699174924457300             99.4972 99.4972 99.4972 99.4972 99.4972 99.4972 
1699174924476760             99.4972 99.4972 99.4972 99.4972 99.4972 99.4972 
1699174924480770             99.4972 99.4972 99.4972 99.4972 99.4972 99.4972 
1699174924488620             99.4972 99.4972 99.4972 99.4972 99.4972 99.4972 
1699174924504960             99.4972 99.4972 99.4972 99.4972 99.4972 99.4972 
1699174924508250             99.4972 99.4972 99.4972 99.4972 99.4972 99.4972 
1699174924525350             99.4972 99.4972 99.4972 99.4972 99.4972 99.4972 
1699174924529440             99.4972 99.4972 99.4972 99.4972 99.4972 99.4972 
1699174924537030             99.4972 99.4972 99.4972 99.4972 99.4972 99.4972 
1699174924553840             99.4972 99.4972 99.4972 99.4972 99.4972 99.4972 
1699174924561380             99.4972 99.4972 89.7135 99.4972 99.4972 99.4972 
1699174924575990             99.4972 99.4972 99.4972 99.4972 99.4972 99.4972 
1699174924580840             76.9971 99.4972 99.4972 90.8595 99.4972 76.9971 
1699174924585960             90.8595 99.4972 99.4972 90 99.4972 90.8595 
1699174924601270             99.4972 99.4972 99.4972 99.4972 99.4972 99.4972 
1699174924613040             99.4972 99.4972 99.4972 99.4972 99.4972 99.4972 
1699174924615960             99.4972 99.4972 99.4972 99.4972 99.4972 99.4972 
1699174924628860             99.4972 99.4972 99.4972 99.4972 99.4972 99.4972 
1699174924635600             99.4972 99.4972 99.4972 99.4972 99.4972 99.4972 
1699174924654080             99.4972 99.4972 99.4972 99.4972 99.4972 99.4972 
1699174924658850             99.4972 99.4972 99.4972 99.4972 99.4972 99.4972 
1699174924672230             99.4972 99.4972 99.4972 99.4972 99.4972 99.4972 
1699174924681610             99.4972 99.4972 99.4972 99.4972 99.4972 99.4972 
1699174924690370             99.4972 99.4972 99.4972 99.4972 99.4972 99.4972 
1699174924704410             99.4972 99.4972 99.4972 99.4972 99.4972 99.4972 
1699174924708820             99.4972 99.4972 99.4972 99.4972 99.4972 99.4972 
1699174924724770             99.4972 99.4972 99.4972 99.4972 99.4972 99.4972 
1699174924734450             90.8595 99.4972 90 99.4972 89.1405 99.4972 
1699174924736050             99.4972 89.5703 90 90.8595 99.4972 90.8595 
1699174924752620             99.4972 99.4972 99.4972 99.4972 99.4972 99.4972 
1699174924759260             99.4972 99.4972 99.4972 99.4972 99.4972 99.4972 
1699174924765720             99.4972 99.4972 99.4972 99.4972 99.4972 99.4972 
1699174924775640             99.4972 99.4972 99.4972 99.4972 99.4972 99.4972 
1699174924785230             99.4972 99.4972 99.4972 99.4972 99.4972 99.4972 
1699174924803440             99.4972 99.4972 99.4972 99.4972 99.4972 99.4972 
1699174924805960             99.4972 99.4972 99.4972 99.4972 99.4972 99.4972 
1699174924818560             99.4972 99.4972 99.4972 99.4972 99.4972 99.4972 
1699174924833670             99.4972 99.4972 99.4972 99.4972 99.4972 99.4972 
1699174924834360             99.4972 99.4972 99.4972 99.4972 99.4972 99.4972 
1699174924852570             99.4972 99.4972 99.4972 99.4972 99.4972 99.4972 
1699174924862920             99.4972 99.4972 99.4972 99.4972 99.4972 99.4972 
1699174924873540             99.4972 99.4972 99.4972 99.4972 99.4972 99.4972 
1699174924875820             99.4972 99.4972 99.4972 99.4972 99.4972 99.4972 
1699174924888260             99.4972 99.4972 99.4972 99.4972 99.4972 99.4972 
1699174924898700             99.4972 99.4972 99.4972 99.4972 99.4972 99.4972 
1699174924907160             99.4972 99.4972 99.4972 99.4972 99.4972 99.4972 
1699174924916840             99.4972 99.4972 99.4972 99.4972 99.4972 99.4972 
1699174924928920             99.4972 99.4972 99.4972 99.4972 99.4972 99.4972 
1699174924939910             99.4972 99.4972 99.4972 99.4972 99.4972 99.4972 
1699174924946680             99.4972 99.4972 99.4972 99.4972 99.4972 99.4972 
1699174924958630             99.4972 99.4972 99.4972 99.4972 99.4972 99.4972 
1699174924976630             99.4972 99.4972 99.4972 99.4972 99.4972 99.4972 
1699174924983180             99.4972 99.4972 99.4972 99.4972 99.4972 99.4972 
1699174925002020             99.4972 99.4972 99.4972 99.4972 99.4972 99.4972 
1699174925005820             99.4972 99.4972 99.4972 99.4972 99.4972 99.4972 
1699174925014960             99.4972 99.4972 99.4972 99.4972 99.4972 99.4972 
1699174925035870             99.4972 99.4972 99.4972 99.4972 99.4972 99.4972 
1699174925052060             99.4972 99.4972 99.4972 99.4972 99.4972 99.4972 
1699174925060090             99.4972 99.4972 99.4972 99.4972 99.4972 99.4972 
1699174925065670             99.4972 99.4972 99.4972 99.4972 99.4972 99.4972 
1699174925072820             99.4972 99.4972 99.4972 99.4972 99.4972 99.4972 
1699174925082380             99.4972 99.4972 99.4972 99.4972 99.4972 99.4972 
1699174925101670             99.4972 99.4972 99.4972 99.4972 99.4972 99.4972 
1699174925101890             99.4972 99.4972 99.4972 99.4972 99.4972 99.4972 
1699174925120050             99.4972 99.4972 99.4972 99.4972 99.4972 99.4972 
1699174925125000             99.4972 99.4972 99.4972 99.4972 99.4972 99.4972 
1699174925147580             99.4972 99.4972 99.4972 99.4972 99.4972 99.4972 
1699174925160750             99.4972 99.4972 99.4972 99.4972 99.4972 99.4972 
1699174925166690             99.4972 99.4972 99.4972 99.4972 99.4972 99.4972 
1699174925179080             99.4972 99.4972 99.4972 99.4972 99.4972 99.4972 
1699174925181550             99.4972 99.4972 99.4972 99.4972 99.4972 99.4972 
1699174925204650             99.4972 99.4972 99.4972 99.4972 99.4972 99.4972 
1699174925218810             99.4972 99.4972 99.4972 99.4972 99.4972 99.4972 
1699174925223410             99.4972 99.4972 99.4972 99.4972 99.4972 99.4972 
1699174925237670             99.4972 99.4972 99.4972 99.4972 99.4972 99.4972 
1699174925245310             99.4972 99.4972 99.4972 99.4972 99.4972 99.4972 
1699174925270350             99.4972 99.4972 99.4972 99.4972 99.4972 99.4972 
1699174925271180             99.4972 89.5703 89.7135 90 90 90 
1699174925286770             99.4972 99.4972 99.4972 99.4972 99.4972 99.4972 
1699174925298230             99.4972 99.4972 99.4972 99.4972 99.4972 99.4972 
1699174925300450             99.4972 99.4972 99.4972 99.4972 99.4972 99.4972 
1699174925338220             99.4972 99.4972 99.4972 99.4972 99.4972 99.4972 
1699174925354470             99.4972 99.4972 99.4972 99.4972 99.4972 99.4972 
1699174925366440             99.4972 99.4972 99.4972 99.4972 99.4972 99.4972 
1699174925378970             99.4972 99.4972 99.4972 99.4972 99.4972 99.4972 
1699174925381850             99.4972 99.4972 99.4972 99.4972 99.4972 99.4972 
1699174925408110             99.4972 99.4972 99.4972 99.4972 99.4972 99.4972 
1699174925414820             99.4972 99.4972 99.4972 99.4972 99.4972 99.4972 
1699174925444840             99.4972 99.4972 99.4972 99.4972 99.4972 99.4972 
1699174925459730             99.4972 99.4972 99.4972 99.4972 99.4972 99.4972 
1699174925499940             99.4972 99.4972 99.4972 99.4972 99.4972 99.4972 
1699174925516010             99.4972 99.4972 99.4972 99.4972 99.4972 99.4972 
1699174925548510             99.4972 99.4972 99.4972 99.4972 99.4972 99.4972 
1699174925558550             99.4972 99.4972 99.4972 99.4972 99.4972 99.4972 
1699174925569600             99.4972 99.4972 99.4972 99.4972 99.4972 99.4972 
1699174925580230             99.4972 99.4972 99.4972 99.4972 99.4972 99.4972 
1699174925600160             99.4972 99.4972 99.4972 99.4972 99.4972 99.4972 
1699174925623730             99.4972 99.4972 99.4972 99.4972 99.4972 99.4972 
1699174925643520             99.4972 99.4972 99.4972 99.4972 99.4972 99.4972 
1699174925664830             99.4972 99.4972 99.4972 99.4972 99.4972 99.4972 
1699174925689780             99.4972 99.4972 99.4972 99.4972 99.4972 99.4972 
1699174925704180             99.4972 99.4972 99.4972 99.4972 99.4972 99.4972 
1699174925713570             99.4972 99.4972 99.4972 99.4972 99.4972 99.4972 
1699174925718050             99.4972 99.4972 99.4972 99.4972 99.4972 99.4972 
1699174925729980             99.4972 99.4972 99.4972 99.4972 99.4972 99.4972 
1699174925744960             99.4972 99.4972 99.4972 99.4972 99.4972 99.4972 
1699174925756390             99.4972 99.4972 99.4972 99.4972 99.4972 99.4972 
1699174925756930             99.4972 99.4972 99.4972 99.4972 99.4972 99.4972 
1699174925786670             99.4972 99.4972 99.4972 99.4972 99.4972 99.4972 
1699174925808300             99.4972 99.4972 99.4972 99.4972 99.4972 99.4972 
1699174925826590             99.4972 99.4972 99.4972 99.4972 99.4972 99.4972 
1699174925848080             99.4972 99.4972 99.4972 99.4972 99.4972 99.4972 
1699174925863420             99.4972 99.4972 99.4972 99.4972 99.4972 99.4972 
1699174925879090             99.4972 99.4972 99.4972 99.4972 99.4972 99.4972 
1699174925901190             99.4972 99.4972 99.4972 99.4972 99.4972 99.4972 
1699174925921040             99.4972 99.4972 99.4972 99.4972 99.4972 99.4972 
1699174925929650             99.4972 99.4972 99.4972 99.4972 99.4972 99.4972 
1699174925935360             99.4972 99.4972 99.4972 99.4972 99.4972 99.4972 
1699174925954710             99.4972 99.4972 99.4972 99.4972 99.4972 99.4972 
1699174925956750             99.4972 99.4972 99.4972 99.4972 99.4972 99.4972 
1699174925980240             99.4972 99.4972 99.4972 99.4972 99.4972 99.4972 
1699174925993530             99.4972 99.4972 99.4972 99.4972 99.4972 99.4972 
1699174926000810             99.4972 99.4972 99.4972 99.4972 99.4972 99.4972 
1699174926005530             99.4972 99.4972 99.4972 99.4972 99.4972 99.4972 
1699174926023650             99.4972 99.4972 99.4972 99.4972 99.4972 99.4972 
1699174926028110             99.4972 99.4972 99.4972 99.4972 99.4972 99.4972 
1699174926052430             99.4972 99.4972 99.4972 99.4972 99.4972 99.4972 
1699174926059420             99.4972 99.4972 99.4972 99.4972 99.4972 99.4972 
1699174926072890             99.4972 99.4972 99.4972 99.4972 99.4972 99.4972 
1699174926074270             99.4972 99.4972 99.4972 99.4972 99.4972 99.4972 
1699174926090720             99.4972 99.4972 99.4972 99.4972 99.4972 99.4972 
1699174926101740             99.4972 99.4972 99.4972 99.4972 99.4972 99.4972 
1699174926105020             99.4972 99.4972 99.4972 99.4972 99.4972 99.4972 
1699174926115910             99.4972 99.4972 99.4972 99.4972 99.4972 99.4972 
1699174926124170             99.4972 99.4972 99.4972 99.4972 99.4972 99.4972 
1699174926139000             99.4972 99.4972 99.4972 99.4972 99.4972 99.4972 
1699174926152680             99.4972 99.4972 99.4972 99.4972 99.4972 99.4972 
1699174926158920             99.4972 99.4972 99.4972 99.4972 99.4972 99.4972 
1699174926169070             99.4972 99.4972 99.4972 99.4972 99.4972 99.4972 
1699174926181990             99.4972 99.4972 99.4972 99.4972 99.4972 99.4972 
1699174926191260             99.4972 99.4972 99.4972 99.4972 99.4972 99.4972 
1699174926196040             99.4972 99.4972 99.4972 99.4972 99.4972 99.4972 
1699174926219820             99.4972 99.4972 99.4972 99.4972 99.4972 99.4972 
1699174926237040             99.4972 99.4972 99.4972 99.4972 99.4972 99.4972 
1699174926243600             99.4972 99.4972 99.4972 99.4972 99.4972 99.4972 
1699174926257330             99.4972 99.4972 99.4972 99.4972 99.4972 99.4972 
1699174926277140             99.4972 99.4972 99.4972 99.4972 99.4972 99.4972 
1699174926286110             99.4972 99.4972 99.4972 99.4972 99.4972 99.4972 
1699174926295390             99.4972 99.4972 99.4972 99.4972 99.4972 99.4972 
1699174926303950             99.4972 99.4972 99.4972 99.4972 99.4972 99.4972 
1699174926320960             99.4972 99.4972 99.4972 99.4972 99.4972 99.4972 
1699174926328060             99.4972 99.4972 99.4972 99.4972 99.4972 99.4972 
1699174926332840             99.4972 99.4972 99.4972 99.4972 99.4972 99.4972 
1699174926343470             99.4972 99.4972 99.4972 99.4972 99.4972 99.4972 
1699174926356990             99.4972 99.4972 99.4972 99.4972 99.4972 99.4972 
1699174926362940             99.4972 99.4972 99.4972 99.4972 99.4972 99.4972 
1699174926380470             99.4972 99.4972 99.4972 99.4972 99.4972 99.4972 
1699174926385290             99.4972 99.4972 99.4972 99.4972 99.4972 99.4972 
1699174926397870             99.4972 99.4972 99.4972 99.4972 99.4972 99.4972 
1699174926403750             99.4972 99.4972 99.4972 99.4972 99.4972 99.4972 
1699174926413950             99.4972 99.4972 99.4972 99.4972 99.4972 99.4972 
1699174926429730             99.4972 99.4972 99.4972 99.4972 99.4972 99.4972 
1699174926432620             99.4972 99.4972 99.4972 99.4972 99.4972 99.4972 
1699174926449470             99.4972 99.4972 99.4972 99.4972 99.4972 99.4972 
1699174926455430             99.4972 99.4972 99.4972 99.4972 99.4972 99.4972 
1699174926464250             99.4972 99.4972 99.4972 99.4972 99.4972 99.4972 
1699174926476760             99.4972 99.4972 99.4972 99.4972 99.4972 99.4972 
1699174926486050             99.4972 99.4972 99.4972 99.4972 99.4972 99.4972 
1699174926491530             99.4972 99.4972 99.4972 99.4972 99.4972 99.4972 
1699174926508140             99.4972 99.4972 99.4972 99.4972 99.4972 99.4972 
1699174926514780             99.4972 99.4972 99.4972 99.4972 99.4972 99.4972 
1699174926524770             99.4972 99.4972 99.4972 99.4972 99.4972 99.4972 
1699174926530880             99.4972 99.4972 99.4972 99.4972 99.4972 99.4972 
1699174926544780             99.4972 99.4972 99.4972 99.4972 99.4972 99.4972 
1699174926552450             99.4972 99.4972 99.4972 99.4972 99.4972 99.4972 
1699174926569580             99.4972 99.4972 99.4972 99.4972 99.4972 99.4972 
1699174926576220             99.4972 99.4972 99.4972 99.4972 99.4972 99.4972 
1699174926588160             99.4972 99.4972 99.4972 99.4972 99.4972 99.4972 
1699174926597620             99.4972 99.4972 99.4972 99.4972 99.4972 99.4972 
1699174926600700             99.4972 99.4972 99.4972 99.4972 99.4972 99.4972 
1699174926612480             99.4972 99.4972 99.4972 99.4972 99.4972 99.4972 
1699174926620040             99.4972 99.4972 99.4972 99.4972 99.4972 99.4972 
1699174926630330             99.4972 99.4972 99.4972 99.4972 99.4972 99.4972 
1699174926646760             99.4972 99.4972 99.4972 99.4972 99.4972 99.4972 
1699174926655740             99.4972 99.4972 99.4972 99.4972 99.4972 99.4972 
1699174926668830             99.4972 99.4972 99.4972 99.4972 99.4972 99.4972 
1699174926671720             99.4972 99.4972 99.4972 99.4972 99.4972 99.4972 
1699174926687980             99.4972 99.4972 99.4972 99.4972 99.4972 99.4972 
1699174926690040             99.4972 99.4972 99.4972 99.4972 99.4972 99.4972 
1699174926708790             99.4972 99.4972 99.4972 99.4972 99.4972 99.4972 
1699174926709940             99.4972 99.4972 99.4972 99.4972 99.4972 99.4972 
1699174926726030             99.4972 99.4972 99.4972 99.4972 99.4972 99.4972 
1699174926731920             99.4972 99.4972 99.4972 99.4972 99.4972 99.4972 
1699174926755640             99.4972 99.4972 99.4972 99.4972 99.4972 99.4972 
1699174926769270             99.4972 99.4972 99.4972 99.4972 99.4972 99.4972 
1699174926786110             99.4972 99.4972 99.4972 99.4972 99.4972 99.4972 
1699174926788390             99.4972 99.4972 99.4972 99.4972 99.4972 99.4972 
1699174926800830             99.4972 99.4972 99.4972 99.4972 99.4972 99.4972 
1699174926811640             99.4972 99.4972 99.4972 99.4972 99.4972 99.4972 
1699174926824000             99.4972 99.4972 99.4972 99.4972 99.4972 99.4972 
1699174926832180             99.4972 99.4972 99.4972 99.4972 99.4972 99.4972 
1699174926846530             99.4972 99.4972 99.4972 99.4972 99.4972 99.4972 
1699174926851690             99.4972 99.4972 99.4972 99.4972 99.4972 99.4972 
1699174926860990             99.4972 99.4972 99.4972 99.4972 99.4972 99.4972 
1699174926877240             99.4972 99.4972 99.4972 99.4972 99.4972 99.4972 
1699174926885120             99.4972 99.4972 99.4972 99.4972 99.4972 99.4972 
1699174926890870             99.4972 99.4972 99.4972 99.4972 99.4972 99.4972 
1699174926905270             99.4972 99.4972 99.4972 99.4972 99.4972 99.4972 
1699174926911540             99.4972 99.4972 99.4972 99.4972 99.4972 99.4972 
1699174926930800             99.4972 99.4972 99.4972 99.4972 99.4972 99.4972 
1699174926945770             99.4972 99.4972 99.4972 99.4972 99.4972 99.4972 
1699174926949500             99.4972 99.4972 99.4972 99.4972 99.4972 99.4972 
1699174926966610             99.4972 99.4972 99.4972 99.4972 99.4972 99.4972 
1699174926976100             99.4972 99.4972 99.4972 99.4972 99.4972 99.4972 
1699174926977830             99.4972 99.4972 99.4972 99.4972 99.4972 99.4972 
1699174926993130             99.4972 99.4972 99.4972 99.4972 99.4972 99.4972 
1699174926998240             99.4972 99.4972 99.4972 99.4972 99.4972 99.4972 
1699174927010920             99.4972 99.4972 99.4972 99.4972 99.4972 99.4972 
1699174927023720             99.4972 99.4972 99.4972 99.4972 99.4972 99.4972 
1699174927033900             99.4972 99.4972 99.4972 99.4972 99.4972 99.4972 
1699174927055960             99.4972 99.4972 99.4972 99.4972 99.4972 99.4972 
1699174927058960             99.4972 99.4972 99.4972 99.4972 99.4972 99.4972 
1699174927069280             99.4972 99.4972 99.4972 99.4972 99.4972 99.4972 
1699174927083920             99.4972 99.4972 99.4972 99.4972 99.4972 99.4972 
1699174927090030             99.4972 99.4972 99.4972 99.4972 99.4972 99.4972 
1699174927103430             99.4972 99.4972 99.4972 99.4972 99.4972 99.4972 
1699174927109670             99.4972 99.4972 99.4972 99.4972 99.4972 99.4972 
1699174927130240             99.4972 99.4972 99.4972 99.4972 99.4972 99.4972 
1699174927150140             99.4972 99.4972 99.4972 99.4972 99.4972 99.4972 
1699174927164980             99.4972 99.4972 99.4972 99.4972 99.4972 99.4972 
1699174927166520             99.4972 99.4972 99.4972 99.4972 99.4972 99.4972 
1699174927179510             99.4972 99.4972 99.4972 99.4972 99.4972 99.4972 
1699174927189560             99.4972 99.4972 99.4972 99.4972 99.4972 99.4972 
1699174927212340             99.4972 99.4972 99.4972 99.4972 99.4972 99.4972 
1699174927223250             99.4972 99.4972 99.4972 99.4972 99.4972 99.4972 
1699174927228090             99.4972 99.4972 99.4972 99.4972 99.4972 99.4972 
1699174927245560             99.4972 99.4972 99.4972 99.4972 99.4972 99.4972 
1699174927267110             99.4972 99.4972 99.4972 99.4972 99.4972 99.4972 
1699174927282010             99.4972 99.4972 99.4972 99.4972 99.4972 99.4972 
1699174927285080             99.4972 99.4972 99.4972 99.4972 99.4972 99.4972 
1699174927298610             99.4972 99.4972 99.4972 99.4972 99.4972 99.4972 
1699174927308230             99.4972 99.4972 99.4972 99.4972 99.4972 99.4972 
1699174927320860             99.4972 99.4972 99.4972 99.4972 99.4972 99.4972 
1699174927336160             99.4972 99.4972 99.4972 99.4972 99.4972 99.4972 
1699174927354380             99.4972 99.4972 99.4972 99.4972 99.4972 99.4972 
1699174927392600             99.4972 99.4972 99.4972 99.4972 99.4972 99.4972 
1699174927393780             99.4972 99.4972 99.4972 99.4972 99.4972 99.4972 
1699174927413010             99.4972 99.4972 99.4972 99.4972 99.4972 99.4972 
1699174927422580             99.4972 99.4972 99.4972 99.4972 99.4972 99.4972 
1699174927425450             99.4972 99.4972 99.4972 99.4972 99.4972 99.4972 
1699174927438180             99.4972 99.4972 99.4972 99.4972 99.4972 99.4972 
1699174927446360             99.4972 99.4972 99.4972 99.4972 99.4972 99.4972 
1699174927470680             99.4972 99.4972 99.4972 99.4972 99.4972 99.4972 
1699174927473680             99.4972 99.4972 99.4972 99.4972 99.4972 99.4972 
1699174927485500             99.4972 99.4972 99.4972 99.4972 99.4972 99.4972 
1699174927501770             99.4972 99.4972 99.4972 99.4972 99.4972 99.4972 
1699174927511590             99.4972 99.4972 99.4972 99.4972 99.4972 99.4972 
1699174927520710             99.4972 99.4972 99.4972 99.4972 99.4972 99.4972 
1699174927534030             99.4972 99.4972 99.4972 99.4972 99.4972 99.4972 
1699174927544530             99.4972 99.4972 99.4972 99.4972 99.4972 99.4972 
1699174927557320             99.4972 99.4972 99.4972 99.4972 99.4972 99.4972 
1699174927569600             99.4972 99.4972 99.4972 99.4972 99.4972 99.4972 
1699174927576740             99.4972 99.4972 99.4972 99.4972 99.4972 99.4972 
1699174927586440             99.4972 99.4972 99.4972 99.4972 99.4972 99.4972 
1699174927594260             99.4972 99.4972 99.4972 99.4972 99.4972 99.4972 
1699174927610620             99.4972 99.4972 99.4972 99.4972 99.4972 99.4972 
1699174927616910             99.4972 99.4972 99.4972 99.4972 99.4972 99.4972 
1699174927624560             99.4972 99.4972 99.4972 99.4972 99.4972 99.4972 
1699174927634640             99.4972 99.4972 99.4972 99.4972 99.4972 99.4972 
1699174927650140                  90 99.4972 99.4972 90 99.4972 99.4972 
1699174927651330             89.1405 89.5703 89.7135 89.1405 89.5703 90 
1699174927670810             99.4972 99.4972 99.4972 99.4972 99.4972 99.4972 
1699174927677190             99.4972 99.4972 99.4972 99.4972 99.4972 99.4972 
1699174927681160             99.4972 99.4972 99.4972 99.4972 99.4972 99.4972 
1699174927695220             99.4972 99.4972 99.4972 99.4972 99.4972 99.4972 
1699174927705450             99.4972 99.4972 99.4972 99.4972 99.4972 99.4972 
1699174927711150             99.4972 99.4972 99.4972 99.4972 99.4972 99.4972 
1699174927722120             99.4972 99.4972 99.4972 99.4972 99.4972 99.4972 
1699174927732980             99.4972 99.4972 99.4972 99.4972 99.4972 99.4972 
1699174927767590             99.4972 99.4972 99.4972 99.4972 99.4972 99.4972 
1699174927788370             99.4972 99.4972 99.4972 99.4972 99.4972 99.4972 
1699174927798330             99.4972 99.4972 99.4972 99.4972 99.4972 99.4972 
1699174927811370             99.4972 99.4972 99.4972 99.4972 99.4972 99.4972 
1699174927819990             99.4972 99.4972 99.4972 99.4972 99.4972 99.4972 
1699174927835890             99.4972 99.4972 99.4972 99.4972 99.4972 99.4972 
1699174927842710             99.4972 99.4972 99.4972 99.4972 99.4972 99.4972 
1699174927867910             99.4972 99.4972 99.4972 99.4972 99.4972 99.4972 
1699174927875250             99.4972 99.4972 99.4972 99.4972 99.4972 99.4972 
1699174927881440             99.4972 99.4972 99.4972 99.4972 99.4972 99.4972 
1699174927889540             99.4972 99.4972 99.4972 99.4972 99.4972 99.4972 
1699174927915620             99.4972 99.4972 99.4972 99.4972 99.4972 99.4972 
1699174927928290             99.4972 99.4972 99.4972 99.4972 99.4972 99.4972 
1699174927930540             99.4972 99.4972 99.4972 99.4972 99.4972 99.4972 
1699174927957140             99.4972 99.4972 99.4972 99.4972 99.4972 99.4972 
1699174927975760             99.4972 99.4972 99.4972 99.4972 99.4972 99.4972 
1699174928001130             99.4972 99.4972 99.4972 99.4972 99.4972 99.4972 
1699174928017010             99.4972 99.4972 99.4972 99.4972 99.4972 99.4972 
1699174928055710             99.4972 99.4972 99.4972 99.4972 99.4972 99.4972 
1699174928070900             99.4972 99.4972 99.4972 99.4972 99.4972 99.4972 
1699174928086930             99.4972 99.4972 99.4972 99.4972 99.4972 99.4972 
1699174928097270             99.4972 99.4972 99.4972 99.4972 99.4972 99.4972 
1699174928099930             99.4972 99.4972 99.4972 99.4972 99.4972 99.4972 
1699174928125670             99.4972 99.4972 99.4972 99.4972 99.4972 99.4972 
1699174928132920             99.4972 99.4972 99.4972 99.4972 99.4972 99.4972 
1699174928178350             99.4972 99.4972 99.4972 99.4972 99.4972 99.4972 
1699174928200680             99.4972 99.4972 99.4972 99.4972 99.4972 99.4972 
1699174928208900             99.4972 99.4972 99.4972 99.4972 99.4972 99.4972 
1699174928238890             99.4972 99.4972 99.4972 99.4972 99.4972 99.4972 
1699174928248310             99.4972 99.4972 99.4972 99.4972 99.4972 99.4972 
1699174928265340             99.4972 99.4972 99.4972 99.4972 99.4972 99.4972 
1699174928266820             99.4972 99.4972 99.4972 99.4972 99.4972 99.4972 
1699174928282430             99.4972 99.4972 99.4972 99.4972 99.4972 99.4972 
1699174928294010             99.4972 99.4972 99.4972 99.4972 99.4972 99.4972 
1699174928299400             99.4972 99.4972 99.4972 99.4972 99.4972 99.4972 
1699174928313900             99.4972 99.4972 99.4972 99.4972 99.4972 99.4972 
1699174928319180             99.4972 99.4972 99.4972 99.4972 99.4972 99.4972 
1699174928331110             99.4972 99.4972 99.4972 99.4972 99.4972 99.4972 
1699174928341000             99.4972 99.4972 99.4972 99.4972 99.4972 99.4972 
1699174928354940             99.4972 99.4972 99.4972 99.4972 99.4972 99.4972 
1699174928389840             99.4972 99.4972 99.4972 99.4972 99.4972 99.4972 
1699174928399350             99.4972 99.4972 99.4972 99.4972 99.4972 99.4972 
1699174928425350             99.4972 99.4972 99.4972 99.4972 99.4972 99.4972 
1699174928444140             99.4972 99.4972 99.4972 99.4972 99.4972 99.4972 
1699174928445290             99.4972 99.4972 99.4972 99.4972 99.4972 99.4972 
1699174928479280             99.4972 99.4972 99.4972 99.4972 99.4972 99.4972 
1699174928495180             99.4972 99.4972 99.4972 99.4972 99.4972 99.4972 
1699174928522210             99.4972 99.4972 99.4972 99.4972 99.4972 99.4972 
1699174928542090             99.4972 99.4972 99.4972 99.4972 99.4972 99.4972 
1699174928551870             99.4972 99.4972 99.4972 99.4972 99.4972 99.4972 
1699174928567850             99.4972 99.4972 99.4972 99.4972 99.4972 99.4972 
1699174928600530             99.4972 99.4972 99.4972 99.4972 99.4972 99.4972 
1699174928608320             99.4972 99.4972 99.4972 99.4972 99.4972 99.4972 
1699174928625220             99.4972 99.4972 99.4972 99.4972 99.4972 99.4972 
1699174928639960             99.4972 99.4972 99.4972 99.4972 99.4972 99.4972 
1699174928643670             99.4972 99.4972 99.4972 99.4972 99.4972 99.4972 
1699174928666380             99.4972 99.4972 99.4972 99.4972 99.4972 99.4972 
1699174928697050             99.4972 99.4972 99.4972 99.4972 99.4972 99.4972 
1699174928708500             99.4972 99.4972 99.4972 99.4972 99.4972 99.4972 
1699174928719770             99.4972 99.4972 99.4972 99.4972 99.4972 99.4972 
1699174928776500             99.4972 99.4972 99.4972 99.4972 99.4972 99.4972 
1699174928789560             99.4972 99.4972 99.4972 99.4972 99.4972 99.4972 
1699174928795120             99.4972 99.4972 99.4972 99.4972 99.4972 99.4972 
1699174928809580             99.4972 99.4972 99.4972 99.4972 99.4972 99.4972 
1699174928820970             99.4972 99.4972 99.4972 99.4972 99.4972 99.4972 
1699174928822310             99.4972 99.4972 99.4972 99.4972 99.4972 99.4972 
1699174928839540             99.4972 99.4972 99.4972 99.4972 99.4972 99.4972 
1699174928846150             99.4972 99.4972 99.4972 99.4972 99.4972 99.4972 
1699174928864010             99.4972 99.4972 99.4972 99.4972 99.4972 99.4972 
1699174928890340             99.4972 99.4972 99.4972 99.4972 99.4972 99.4972 
1699174928920300             99.4972 99.4972 99.4972 99.4972 99.4972 99.4972 
1699174928940620             99.4972 99.4972 99.4972 99.4972 99.4972 99.4972 
1699174928942920             99.4972 99.4972 99.4972 99.4972 99.4972 99.4972 
1699174928978300             99.4972 99.4972 99.4972 99.4972 99.4972 99.4972 
1699174928996340             99.4972 99.4972 99.4972 99.4972 99.4972 99.4972 
1699174929005280             99.4972 99.4972 99.4972 99.4972 99.4972 99.4972 
1699174929017850             99.4972 99.4972 99.4972 99.4972 99.4972 99.4972 
1699174929020430             99.4972 99.4972 99.4972 99.4972 99.4972 99.4972 
1699174929071670             99.4972 99.4972 99.4972 99.4972 99.4972 99.4972 
1699174929092650             99.4972 99.4972 99.4972 99.4972 99.4972 99.4972 
1699174929105480             99.4972 99.4972 99.4972 99.4972 99.4972 99.4972 
1699174929115610             99.4972 99.4972 99.4972 99.4972 99.4972 99.4972 
1699174929130910             99.4972 99.4972 99.4972 99.4972 99.4972 99.4972 
1699174929150690             99.4972 99.4972 99.4972 99.4972 99.4972 99.4972 
1699174929172510             99.4972 99.4972 99.4972 99.4972 99.4972 99.4972 
1699174929183060             99.4972 99.4972 99.4972 99.4972 99.4972 99.4972 
1699174929207650             99.4972 99.4972 99.4972 99.4972 99.4972 99.4972 
1699174929227880             99.4972 99.4972 99.4972 99.4972 99.4972 99.4972 
1699174929235710             99.4972 99.4972 99.4972 99.4972 99.4972 99.4972 
1699174929264220             99.4972 99.4972 99.4972 99.4972 99.4972 99.4972 
1699174929284200             99.4972 99.4972 99.4972 99.4972 99.4972 99.4972 
1699174929292060             99.4972 99.4972 99.4972 99.4972 99.4972 99.4972 
1699174929317450             99.4972 99.4972 99.4972 99.4972 99.4972 99.4972 
1699174929319350             99.4972 99.4972 99.4972 99.4972 99.4972 99.4972 
1699174929333620             99.4972 99.4972 99.4972 99.4972 99.4972 99.4972 
