Timestamp (microseconds)      Peak Amplitude
1699175351105750                3068
1699175351121300                2697
1699175351126840                3109
1699175351139510                2697
1699175351161850                3438
1699175351172180                2615
1699175351192520                2821
1699175351205420                3315
1699175351205480                2862
1699175351222430                2656
1699175351251660                2738
1699175351261180                2779
1699175351271520                2779
1699175351287370                3150
1699175351295000                2532
1699175351318220                2985
1699175351333120                2738
1699175351359590                2862
1699175351374940                2532
1699175351403440                2615
1699175351405860                3356
1699175351422720                3191
1699175351438460                2532
1699175351474720                2656
1699175351496470                3109
1699175351507790                2615
1699175351516590                3356
1699175351539310                3191
1699175351558900                2697
1699175351573110                2944
1699175351583750                2944
1699175351598080                2738
1699175351604670                2821
1699175351615800                2573
1699175351652950                2985
1699175351681320                2738
1699175351683750                2656
1699175351699880                2573
1699175351706790                2779
1699175351728940                2738
1699175351772980                2697
1699175351783250                3644
1699175351816070                3315
1699175351839090                2615
1699175351861770                2738
1699175351879760                2697
1699175351906860                3191
1699175351927140                2656
1699175351945420                3562
1699175351974000                3068
1699175351983060                2573
1699175352018690                2615
1699175352048940                2656
1699175352061590                2615
1699175352070120                2738
1699175352086140                2821
1699175352095820                3232
1699175352105740                2532
1699175352128030                2532
1699175352137980                2862
1699175352160680                2944
1699175352183950                2985
1699175352205720                2656
1699175352224490                2903
1699175352227370                2821
1699175352272550                2697
1699175352293290                2532
1699175352349380                2656
1699175352362300                2738
1699175352404800                2985
1699175352425680                2532
1699175352450450                2821
1699175352471450                2697
1699175352536310                3356
1699175352550120                2944
1699175352570530                3644
1699175352592420                3274
1699175352635080                2532
1699175352658920                2615
1699175352682750                2821
1699175352684070                3397
1699175352747630                2821
1699175352766850                2615
1699175352780510                3315
1699175352782920                3150
1699175352794390                2615
1699175352830850                3150
1699175352837460                2532
1699175352848420                2615
1699175352866920               21357
1699175352872410                3603
1699175352890280                6239
1699175352892120                9082
1699175352915500                2656
1699175352937140                2532
1699175352954500                2738
1699175352962410                2697
1699175352981020                3232
1699175353003510                2985
1699175353035850                2944
1699175353051090                2615
1699175353079780                2573
1699175353080640                2944
1699175353101510                3109
1699175353116190                2532
1699175353136940                3356
1699175353169630                2656
1699175353178520                2615
1699175353181540                3109
1699175353193410                2615
1699175353257000                2656
1699175353260520                2615
1699175353337560                2697
1699175353357620                2862
1699175353389800                2656
1699175353402430                2656
1699175353444230                2573
1699175353477140                3068
1699175353477170                2697
1699175353514860                2615
1699175353524730                2862
1699175353535610                2862
1699175353539870                3191
1699175353560370                2944
1699175353591230                3109
1699175353605620                2903
1699175353607750                3027
1699175353723990                3274
1699175353747290                3109
1699175353881770                2985
1699175353913530                2738
1699175353922590                2738
1699175353958640                2656
1699175354012590                3191
1699175354091210                2573
1699175354099030                2656
1699175354122080                2656
1699175354144850                2615
1699175354212430                2903
1699175354235850                2862
1699175354252680                2532
1699175354266990                2532
1699175354290730                2532
1699175354311850                2573
1699175354333860                2779
1699175354367640                3150
1699175354386950                2821
1699175354397660                4221
1699175354409020                8546
1699175354410170                8711
1699175354426120                5374
1699175354430530                4963
1699175354449300                6651
1699175354453070                8793
1699175354459490                5498
1699175354471450                5992
1699175354479330                5580
1699175354490460                4098
1699175354503810                8258
1699175354511330                5251
1699175354523550               11388
1699175354536010               11677
1699175354541110               10812
1699175354554580               18185
1699175354558440               14272
1699175354574470                7764
1699175354588180                9494
1699175354590430               10976
1699175354603860                6940
1699175354613010                9782
1699175354626740                6734
1699175354631050                9988
1699175354645590                7805
1699175354653950                6816
1699175354660670                5004
1699175354673200                4963
1699175354679120                7805
1699175354687950                6075
1699175354707140               16990
1699175354707390               17567
1699175354717330                7310
1699175354733630               10276
1699175354740180                9329
1699175354753580                4798
1699175354759600                4592
1699175354772200                5745
1699175354778500                6033
1699175354795710                5004
1699175354797450                4427
1699175354811600                4633
1699175354822700                3686
1699175354835100                3686
1699175354845180                3356
1699175354848070                3438
1699175354856870                2985
1699175354873580                2985
1699175354877500                3150
1699175354891400                2656
1699175354896940                3397
1699175354906950                3438
1699175354924380                3191
1699175354934730                2697
1699175354943990                2738
1699175354947270                3150
1699175354960100                3027
1699175354969260                2985
1699175354980580                3191
1699175354989210                3150
1699175355007000                2903
1699175355017940                2697
1699175355032910                2944
1699175355034960                2615
1699175355056040                2944
1699175355075640                2615
1699175355089890                2738
1699175355098260                3027
1699175355146620                2779
1699175355189270                3644
1699175355209940                2697
1699175355242890                6239
1699175355245720               28153
1699175355256950                4386
