Timestamp (microseconds)      Peak Amplitude
1699174918568490                2978
1699174918601170                3186
1699174918608960                2853
1699174918625860                2811
1699174918640600                3436
1699174918644310                2603
1699174918667020                2520
1699174918697690                2728
1699174918709140                2645
1699174918720410                2978
1699174918777140                3020
1699174918790200                2853
1699174918795760                2978
1699174918810220                2561
1699174918821610                2603
1699174918822950                2645
1699174918840180                2978
1699174918846790                2603
1699174918864650                3061
1699174918890980                3353
1699174918920940                2770
1699174918941260                3145
1699174918943560                2895
1699174918978940                2895
1699174918996980                2686
1699174919005920                2686
1699174919018490                3061
1699174919021070                3186
1699174919072310                2728
1699174919093290                3103
1699174919106120                2728
1699174919116250                2686
1699174919131550                2936
1699174919151330                2728
1699174919173150                2978
1699174919183700                2728
1699174919208290                2770
1699174919228520                2770
1699174919236350                2728
1699174919264860                2978
1699174919284840                2561
1699174919292700                3145
1699174919318090                3228
1699174919319990                2811
1699174919334260                2603
1699174919343520                2603
1699174919355410                3436
1699174919365290                2561
1699174919370870                2770
1699174919383680                2686
1699174919399000                2686
1699174919417290                2561
1699174919418280                2728
1699174919431640                2895
1699174919454800                2603
1699174919458950                2728
1699174919472830                2686
1699174919486120                2645
1699174919503540                2936
1699174919516590                2770
1699174919530950                2728
1699174919545440                2520
1699174919548290                3311
1699174919563310                3061
1699174919590120                2561
1699174919606060                2686
1699174919622780                2520
1699174919652610                2603
1699174919664630                2811
1699174919673090                2603
1699174919691670                2561
1699174919695790                3020
1699174919712670                2728
1699174919723570                2520
1699174919732880                2520
1699174919736160                2645
1699174919761540                3020
1699174919780720                2520
1699174919792440                2520
1699174919798140                2853
1699174919810580                2811
1699174919847010                3186
1699174919866380                3353
1699174919886340                2770
1699174919899660                2603
1699174919912840                2811
1699174919929330                3061
1699174919938840                2728
1699174919955310                3061
1699174919975250                3020
1699174919990400                2686
1699174920007020                2645
1699174920022700                2520
1699174920029450               26809
1699174920033680                4061
1699174920052460                8186
1699174920056740                8311
1699174920062790                3270
1699174920074890                2811
1699174920083950                2853
1699174920094840                2520
1699174920108660                2520
1699174920115350                2978
1699174920130190                3020
1699174920136470                2853
1699174920167020                2770
1699174920187960                2603
1699174920195320                2728
1699174920213530                2561
1699174920221610                3270
1699174920232660                3061
1699174920258410                2728
1699174920268760                2936
1699174920272960                2686
1699174920298640                3186
1699174920308230                2603
1699174920334820                3186
1699174920345010                3311
1699174920351720                2770
1699174920382690                2811
1699174920398050                2561
1699174920407820                2686
1699174920412390                2561
1699174920436590                2728
1699174920441510                2936
1699174920458500                2603
1699174920475150                2853
1699174920488340                3686
1699174920489390                4644
1699174920505970                8186
1699174920518610                6561
1699174920523870                6686
1699174920532240                4644
1699174920546200                7519
1699174920550920                7561
1699174920567680                6186
1699174920574150                9602
1699174920580160                5603
1699174920595900                5519
1699174920605170                7811
1699174920616170                9477
1699174920621720               17435
1699174920628380               12810
1699174920647260               11185
1699174920650310               13935
1699174920667220                8519
1699174920669910                9394
1699174920683350               11644
1699174920687840                8186
1699174920701170                7269
1699174920707900                7227
1699174920726560               11060
1699174920728200               11102
1699174920741200                6769
1699174920749140                7269
1699174920758110                5769
1699174920774770                7977
1699174920778430                8644
1699174920796270                8936
1699174920801830               16185
1699174920808310               16601
1699174920823960                5728
1699174920834890                7394
1699174920842340                8227
1699174920851710                7102
1699174920864840                6686
1699174920874500                5019
1699174920883950                5394
1699174920886740                4769
1699174920897060                4228
1699174920913020                3894
1699174920919500                4228
1699174920932550                3145
1699174920937110                3728
1699174920946940                3936
1699174920959480                3686
1699174920967000                3103
1699174920978910                3436
1699174920985880                2978
1699174921003350                3020
1699174921007450                3311
1699174921021890                2686
1699174921025270                3145
1699174921042710                3436
1699174921046430                3020
1699174921061430                3603
1699174921071580                3519
1699174921083700                2561
1699174921086080                3311
1699174921095970                3394
1699174921110550                2936
1699174921123190                2895
1699174921131060                3311
1699174921135990                2728
1699174921153110                2728
1699174921158550                3644
1699174921165260                3270
1699174921176760                2978
1699174921185330                3936
1699174921199360                3020
1699174921210350                3020
1699174921217750                2978
1699174921225630                2686
1699174921248930                2728
1699174921265240                2645
1699174921278370                2728
1699174921284740                2645
1699174921295630                2978
1699174921312080                3769
1699174921313240                3478
1699174921323770                3020
1699174921343670                3020
1699174921358570                2728
1699174921374200                3145
1699174921383940                3978
1699174921400260                2520
1699174921402910                2936
1699174921429940                2686
1699174921432890                3020
1699174921449630                3145
1699174921463100                2728
1699174921490560                2645
1699174921491530                2853
1699174921501160                2603
1699174921519320                3228
1699174921522500                3853
1699174921544630                2936
1699174921563060                3186
1699174921584270                2520
1699174921598290                3394
1699174921608180                3020
1699174921619320                2561
1699174921623850                2561
1699174921634950                2686
1699174921652860                2853
1699174921677680                3186
1699174921687820                2811
1699174921705590                2770
1699174921725250                3311
1699174921732030                3311
1699174921739390                2686
1699174921750050                2936
1699174921762210                2603
1699174921771820                2686
1699174921793350                2895
1699174921800930                3561
1699174921812100                2895
1699174921821680                2770
1699174921839980                3478
1699174921863300                2645
1699174921873370                2811
1699174921886390                2686
1699174921889880                2853
1699174921898060                2603
1699174921917490                2603
1699174921932180                3228
1699174921951730                3145
1699174921965610                2895
1699174921970770                4103
1699174921986780                2603
1699174922000470                2853
1699174922007540                2686
1699174922043450                3020
1699174922048690                2645
1699174922067580                2686
1699174922079930                2770
1699174922094890                2686
1699174922096110                2978
1699174922113590                2728
1699174922117240                3394
1699174922185100                3103
1699174922185460                2978
1699174922209550                2936
1699174922221370                2728
1699174922239300                2686
1699174922250360                3478
1699174922294060                3103
1699174922296280                3186
1699174922320500                2603
1699174922327700                2853
1699174922342370                2603
1699174922348230                2645
1699174922361330                3061
1699174922370630                3061
1699174922387930                2811
1699174922432660                2770
1699174922436760                3270
1699174922458280                2520
1699174922481100                2728
1699174922485650                2603
1699174922500050                3394
1699174922508350                2561
1699174922514930                2895
1699174922524880                2686
1699174922547240                2561
1699174922561750                3103
1699174922562740                2520
1699174922595960                3394
1699174922613440                3020
1699174922633440                2603
1699174922646670                2936
1699174922659960                2978
1699174922679830                2770
1699174922683220                2561
1699174922710290                2561
1699174922721710                2770
1699174922765700                2895
1699174922773750                3061
1699174922807540                3145
1699174922825040                2561
1699174922842620                2520
1699174922856440                2603
1699174922862820                3020
1699174922874180                2686
1699174922889560                7227
1699174922892730               21643
1699174922903740                3686
1699174922919290                8852
1699174922919550                8894
1699174922950800                2645
1699174922967050                2520
1699174922975950                2561
1699174922985900                2686
1699174923004310                3061
1699174923010240                3394
1699174923029160                2978
1699174923046710                2645
1699174923061810                2645
1699174923076470                2561
1699174923086030                2686
1699174923097460                2561
1699174923104930                2728
1699174923119030                2978
1699174923133620                2603
1699174923161880                3228
1699174923174530                2770
1699174923183670                2686
1699174923194810                2770
1699174923203720                2645
1699174923218950                2978
1699174923230020                2561
1699174923270280                2561
1699174923285850                3186
1699174923298080                2520
1699174923313350                3145
1699174923350060                2561
1699174923364090                3311
1699174923372220                2561
1699174923407210                2603
1699174923430490                2936
1699174923456910                2895
1699174923484140                2936
1699174923485350                3728
1699174923519480                2520
1699174923564020                3103
1699174923568130                3103
1699174923582190                2978
1699174923584950                2686
1699174923613200                3186
1699174923614170                3561
1699174923633130                3853
1699174923635980                2520
1699174923660920                2645
1699174923671180                2603
1699174923674700                2603
1699174923700340                2978
1699174923707110                2520
1699174923735710                2770
1699174923749380                4019
1699174923754000                2603
1699174923771640                2728
1699174923795050                2686
1699174923803950                2770
1699174923816410                2645
1699174923859970                2686
1699174923875190                2728
1699174923883050                2978
1699174923938770                2561
1699174923993290                2978
1699174924005730                3353
1699174924027430                2561
1699174924037460                2770
1699174924053990                2853
1699174924099520                2770
1699174924108940                2770
1699174924111760                3145
1699174924126960                2895
1699174924130120                2728
1699174924182630                2936
1699174924191260                2728
1699174924202400                2853
1699174924221970                3103
1699174924240120                2770
1699174924261110                2770
1699174924278170                3769
1699174924279010                3020
1699174924296480                2603
1699174924314000                2853
1699174924319100                2686
1699174924334300                2645
1699174924359260                2978
1699174924379800                2728
1699174924393280                3394
1699174924404440                2811
1699174924416940                3270
1699174924420680                4936
1699174924434320                7852
1699174924437540                6602
1699174924456370                6936
1699174924457300                5269
1699174924476760                7311
1699174924480770                8394
1699174924488620                4436
1699174924504960                5228
1699174924508250                5561
1699174924525350                5644
1699174924529440                9519
1699174924537030                5519
1699174924553840               10935
1699174924561380               10977
1699174924575990                9935
1699174924580840               19643
1699174924585960               12352
1699174924601270                7727
1699174924613040                9227
1699174924615960                8352
1699174924628860                8102
1699174924635600                9227
1699174924654080                7769
1699174924658850               10477
1699174924672230                7352
1699174924681610                6228
1699174924690370                6019
1699174924704410                6561
1699174924708820                7936
1699174924724770                7477
1699174924734450               18435
1699174924736050               16102
1699174924752620                9144
1699174924759260               10144
1699174924765720                7477
1699174924775640                5728
1699174924785230                4686
1699174924803440                7186
1699174924805960                4728
1699174924818560                5103
1699174924833670                4353
1699174924834360                4436
1699174924852570                4228
1699174924862920                3853
1699174924873540                3769
1699174924875820                4228
1699174924888260                2686
1699174924898700                3644
1699174924907160                3936
1699174924916840                3311
1699174924928920                3311
1699174924939910                2811
1699174924946680                3145
1699174924958630                3270
1699174924976630                3186
1699174924983180                3478
1699174925002020                2645
1699174925005820                2686
1699174925014960                3853
1699174925035870                2811
1699174925052060                2728
1699174925060090                3686
1699174925065670                2811
1699174925072820                2770
1699174925082380                2686
1699174925101670                3353
1699174925101890                3020
1699174925120050                2645
1699174925125000                3353
1699174925147580                2561
1699174925160750                2936
1699174925166690                3228
1699174925179080                2936
1699174925181550                2561
1699174925204650                3519
1699174925218810                3061
1699174925223410                2561
1699174925237670                3311
1699174925245310                2561
1699174925270350               20018
1699174925271180               26434
1699174925286770                5228
1699174925298230                9102
1699174925300450                7311
1699174925338220                2853
1699174925354470                2895
1699174925366440                2811
1699174925378970                3103
1699174925381850                3436
1699174925408110                3145
1699174925414820                2520
1699174925444840                3061
1699174925459730                2686
1699174925499940                2520
1699174925516010                2978
1699174925548510                3061
1699174925558550                2645
1699174925569600                2770
1699174925580230                3353
1699174925600160                2811
1699174925623730                3145
1699174925643520                2895
1699174925664830                3020
1699174925689780                3394
1699174925704180                2853
1699174925713570                2603
1699174925718050                2603
1699174925729980                3020
1699174925744960                2936
1699174925756390                2645
1699174925756930                2603
1699174925786670                2561
1699174925808300                2811
1699174925826590                3436
1699174925848080                2561
1699174925863420                2936
1699174925879090                2770
1699174925901190                2728
1699174925921040                3853
1699174925929650                2811
1699174925935360                3228
1699174925954710                3228
1699174925956750                3644
1699174925980240                2811
1699174925993530                2520
1699174926000810                2728
1699174926005530                2853
1699174926023650                2895
1699174926028110                2811
1699174926052430                2895
1699174926059420                3353
1699174926072890                3519
1699174926074270                2895
1699174926090720                3936
1699174926101740                3311
1699174926105020                3478
1699174926115910                3353
1699174926124170                3394
1699174926139000                3603
1699174926152680                4186
1699174926158920                3061
1699174926169070                3519
1699174926181990                2770
1699174926191260                3436
1699174926196040                3270
1699174926219820                3061
1699174926237040                4436
1699174926243600                3644
1699174926257330                4103
1699174926277140                3936
1699174926286110                3936
1699174926295390                3728
1699174926303950                3436
1699174926320960                4311
1699174926328060                4103
1699174926332840                2895
1699174926343470                3061
1699174926356990                3311
1699174926362940                3228
1699174926380470                3394
1699174926385290                2936
1699174926397870                3145
1699174926403750                3478
1699174926413950                3103
1699174926429730                2936
1699174926432620                2603
1699174926449470                2770
1699174926455430                3894
1699174926464250                3436
1699174926476760                3020
1699174926486050                3353
1699174926491530                3311
1699174926508140                3519
1699174926514780                3061
1699174926524770                2936
1699174926530880                3394
1699174926544780                2728
1699174926552450                2811
1699174926569580                3811
1699174926576220                2978
1699174926588160                3103
1699174926597620                4228
1699174926600700                2603
1699174926612480                3978
1699174926620040                3561
1699174926630330                2978
1699174926646760                2770
1699174926655740                3061
1699174926668830                3145
1699174926671720                2978
1699174926687980                3061
1699174926690040                3978
1699174926708790                2853
1699174926709940                2811
1699174926726030                2978
1699174926731920                3478
1699174926755640                2811
1699174926769270                3061
1699174926786110                2895
1699174926788390                2645
1699174926800830                2936
1699174926811640                3020
1699174926824000                3311
1699174926832180                3145
1699174926846530                3270
1699174926851690                3478
1699174926860990                3061
1699174926877240                2520
1699174926885120                3103
1699174926890870                2978
1699174926905270                3270
1699174926911540                3228
1699174926930800                2895
1699174926945770                3519
1699174926949500                2770
1699174926966610                3145
1699174926976100                3686
1699174926977830                2978
1699174926993130                2728
1699174926998240                3311
1699174927010920                3270
1699174927023720                2603
1699174927033900                2686
1699174927055960                3145
1699174927058960                3394
1699174927069280                2728
1699174927083920                2561
1699174927090030                3020
1699174927103430                2770
1699174927109670                2686
1699174927130240                2645
1699174927150140                3145
1699174927164980                3020
1699174927166520                3270
1699174927179510                3103
1699174927189560                4228
1699174927212340                3394
1699174927223250                2978
1699174927228090                3020
1699174927245560                2561
1699174927267110                3103
1699174927282010                2561
1699174927285080                2770
1699174927298610                2770
1699174927308230                2811
1699174927320860                2728
1699174927336160                2811
1699174927354380                3061
1699174927392600                2936
1699174927393780                2520
1699174927413010                3519
1699174927422580                2936
1699174927425450                2936
1699174927438180                2645
1699174927446360                2603
1699174927470680                3186
1699174927473680                3894
1699174927485500                3644
1699174927501770                3145
1699174927511590                2895
1699174927520710                3145
1699174927534030                2936
1699174927544530                2811
1699174927557320                2936
1699174927569600                2520
1699174927576740                3020
1699174927586440                2811
1699174927594260                3270
1699174927610620                2520
1699174927616910                2603
1699174927624560                2770
1699174927634640                2520
1699174927650140               32767
1699174927651330               21143
1699174927670810                7561
1699174927677190                8394
1699174927681160                3519
1699174927695220                3353
1699174927705450                2561
1699174927711150                2686
1699174927722120                3103
1699174927732980                3186
1699174927767590                2603
1699174927788370                2811
1699174927798330                3145
1699174927811370                2520
1699174927819990                2936
1699174927835890                3061
1699174927842710                3270
1699174927867910                2686
1699174927875250                3186
1699174927881440                2728
1699174927889540                3103
1699174927915620                2895
1699174927928290                2770
1699174927930540                2895
1699174927957140                2936
1699174927975760                2645
1699174928001130                2520
1699174928017010                2728
1699174928055710                2728
1699174928070900                2978
1699174928086930                2811
1699174928097270                2978
1699174928099930                3394
1699174928125670                3020
1699174928132920                2561
1699174928178350                2686
1699174928200680                3228
1699174928208900                3436
1699174928238890                2936
1699174928248310                2770
1699174928265340                3103
1699174928266820                3769
1699174928282430                2811
1699174928294010                2686
1699174928299400                3394
1699174928313900                2770
1699174928319180                3020
1699174928331110                2811
1699174928341000                2645
1699174928354940                2728
1699174928389840                2811
1699174928399350                2603
1699174928425350                2561
1699174928444140                2686
1699174928445290                2936
1699174928479280                2728
1699174928495180                2645
1699174928522210                2978
1699174928542090                2520
1699174928551870                2645
1699174928567850                2978
1699174928600530                3186
1699174928608320                2853
1699174928625220                2811
1699174928639960                3436
1699174928643670                2603
1699174928666380                2520
1699174928697050                2728
1699174928708500                2645
1699174928719770                2978
1699174928776500                3020
1699174928789560                2853
1699174928795120                2978
1699174928809580                2561
1699174928820970                2603
1699174928822310                2645
1699174928839540                2978
1699174928846150                2603
1699174928864010                3061
1699174928890340                3353
1699174928920300                2770
1699174928940620                3145
1699174928942920                2895
1699174928978300                2895
1699174928996340                2686
1699174929005280                2686
1699174929017850                3061
1699174929020430                3186
1699174929071670                2728
1699174929092650                3103
1699174929105480                2728
1699174929115610                2686
1699174929130910                2936
1699174929150690                2728
1699174929172510                2978
1699174929183060                2728
1699174929207650                2770
1699174929227880                2770
1699174929235710                2728
1699174929264220                2978
1699174929284200                2561
1699174929292060                3145
1699174929317450                3228
1699174929319350                2811
1699174929333620                2603
