Timestamp (microseconds)      Peak Amplitude
1699175351105750             34.4115 34.4115 34.4115 34.4115 34.4115 34.4115 
1699175351121300             34.4115 34.4115 34.4115 34.4115 34.4115 34.4115 
1699175351126840             34.4115 34.4115 34.4115 34.4115 34.4115 34.4115 
1699175351139510             34.4115 34.4115 34.4115 34.4115 34.4115 34.4115 
1699175351161850             34.4115 34.4115 34.4115 34.4115 34.4115 34.4115 
1699175351172180             34.4115 34.4115 34.4115 34.4115 34.4115 34.4115 
1699175351192520             34.4115 34.4115 34.4115 34.4115 34.4115 34.4115 
1699175351205420             34.4115 34.4115 34.4115 34.4115 34.4115 34.4115 
1699175351205480             34.4115 34.4115 34.4115 34.4115 34.4115 34.4115 
1699175351222430             34.4115 34.4115 34.4115 34.4115 34.4115 34.4115 
1699175351251660             34.4115 34.4115 34.4115 34.4115 34.4115 34.4115 
1699175351261180             34.4115 34.4115 34.4115 34.4115 34.4115 34.4115 
1699175351271520             34.4115 34.4115 34.4115 34.4115 34.4115 34.4115 
1699175351287370             34.4115 34.4115 34.4115 34.4115 34.4115 34.4115 
1699175351295000             34.4115 34.4115 34.4115 34.4115 34.4115 34.4115 
1699175351318220             34.4115 34.4115 34.4115 34.4115 34.4115 34.4115 
1699175351333120             34.4115 34.4115 34.4115 34.4115 34.4115 34.4115 
1699175351359590             34.4115 34.4115 34.4115 34.4115 34.4115 34.4115 
1699175351374940             34.4115 34.4115 34.4115 34.4115 34.4115 34.4115 
1699175351403440             34.4115 34.4115 34.4115 34.4115 34.4115 34.4115 
1699175351405860             34.4115 34.4115 34.4115 34.4115 34.4115 34.4115 
1699175351422720             34.4115 34.4115 34.4115 34.4115 34.4115 34.4115 
1699175351438460             34.4115 34.4115 34.4115 34.4115 34.4115 34.4115 
1699175351474720             34.4115 34.4115 34.4115 34.4115 34.4115 34.4115 
1699175351496470             34.4115 34.4115 34.4115 34.4115 34.4115 34.4115 
1699175351507790             34.4115 34.4115 34.4115 34.4115 34.4115 34.4115 
1699175351516590             34.4115 34.4115 34.4115 34.4115 34.4115 34.4115 
1699175351539310             34.4115 34.4115 34.4115 34.4115 34.4115 34.4115 
1699175351558900             34.4115 34.4115 34.4115 34.4115 34.4115 34.4115 
1699175351573110             34.4115 34.4115 34.4115 34.4115 34.4115 34.4115 
1699175351583750             34.4115 34.4115 34.4115 34.4115 34.4115 34.4115 
1699175351598080             34.4115 34.4115 34.4115 34.4115 34.4115 34.4115 
1699175351604670             34.4115 34.4115 34.4115 34.4115 34.4115 34.4115 
1699175351615800             34.4115 34.4115 34.4115 34.4115 34.4115 34.4115 
1699175351652950             34.4115 34.4115 34.4115 34.4115 34.4115 34.4115 
1699175351681320             34.4115 34.4115 34.4115 34.4115 34.4115 34.4115 
1699175351683750             34.4115 34.4115 34.4115 34.4115 34.4115 34.4115 
1699175351699880             34.4115 34.4115 34.4115 34.4115 34.4115 34.4115 
1699175351706790             34.4115 34.4115 34.4115 34.4115 34.4115 34.4115 
1699175351728940             34.4115 34.4115 34.4115 34.4115 34.4115 34.4115 
1699175351772980             34.4115 34.4115 34.4115 34.4115 34.4115 34.4115 
1699175351783250             34.4115 34.4115 34.4115 34.4115 34.4115 34.4115 
1699175351816070             34.4115 34.4115 34.4115 34.4115 34.4115 34.4115 
1699175351839090             34.4115 34.4115 34.4115 34.4115 34.4115 34.4115 
1699175351861770             34.4115 34.4115 34.4115 34.4115 34.4115 34.4115 
1699175351879760             34.4115 34.4115 34.4115 34.4115 34.4115 34.4115 
1699175351906860             34.4115 34.4115 34.4115 34.4115 34.4115 34.4115 
1699175351927140             34.4115 34.4115 34.4115 34.4115 34.4115 34.4115 
1699175351945420             34.4115 34.4115 34.4115 34.4115 34.4115 34.4115 
1699175351974000             34.4115 34.4115 34.4115 34.4115 34.4115 34.4115 
1699175351983060             34.4115 34.4115 34.4115 34.4115 34.4115 34.4115 
1699175352018690             34.4115 34.4115 34.4115 34.4115 34.4115 34.4115 
1699175352048940             34.4115 34.4115 34.4115 34.4115 34.4115 34.4115 
1699175352061590             34.4115 34.4115 34.4115 34.4115 34.4115 34.4115 
1699175352070120             34.4115 34.4115 34.4115 34.4115 34.4115 34.4115 
1699175352086140             34.4115 34.4115 34.4115 34.4115 34.4115 34.4115 
1699175352095820             34.4115 34.4115 34.4115 34.4115 34.4115 34.4115 
1699175352105740             34.4115 34.4115 34.4115 34.4115 34.4115 34.4115 
1699175352128030             34.4115 34.4115 34.4115 34.4115 34.4115 34.4115 
1699175352137980             34.4115 34.4115 34.4115 34.4115 34.4115 34.4115 
1699175352160680             34.4115 34.4115 34.4115 34.4115 34.4115 34.4115 
1699175352183950             34.4115 34.4115 34.4115 34.4115 34.4115 34.4115 
1699175352205720             34.4115 34.4115 34.4115 34.4115 34.4115 34.4115 
1699175352224490             34.4115 34.4115 34.4115 34.4115 34.4115 34.4115 
1699175352227370             34.4115 34.4115 34.4115 34.4115 34.4115 34.4115 
1699175352272550             34.4115 34.4115 34.4115 34.4115 34.4115 34.4115 
1699175352293290             34.4115 34.4115 34.4115 34.4115 34.4115 34.4115 
1699175352349380             34.4115 34.4115 34.4115 34.4115 34.4115 34.4115 
1699175352362300             34.4115 34.4115 34.4115 34.4115 34.4115 34.4115 
1699175352404800             34.4115 34.4115 34.4115 34.4115 34.4115 34.4115 
1699175352425680             34.4115 34.4115 34.4115 34.4115 34.4115 34.4115 
1699175352450450             34.4115 34.4115 34.4115 34.4115 34.4115 34.4115 
1699175352471450             34.4115 34.4115 34.4115 34.4115 34.4115 34.4115 
1699175352536310             34.4115 34.4115 34.4115 34.4115 34.4115 34.4115 
1699175352550120             34.4115 34.4115 34.4115 34.4115 34.4115 34.4115 
1699175352570530             34.4115 34.4115 34.4115 34.4115 34.4115 34.4115 
1699175352592420             34.4115 34.4115 34.4115 34.4115 34.4115 34.4115 
1699175352635080             34.4115 34.4115 34.4115 34.4115 34.4115 34.4115 
1699175352658920             34.4115 34.4115 34.4115 34.4115 34.4115 34.4115 
1699175352682750             34.4115 34.4115 34.4115 34.4115 34.4115 34.4115 
1699175352684070             34.4115 34.4115 34.4115 34.4115 34.4115 34.4115 
1699175352747630             34.4115 34.4115 34.4115 34.4115 34.4115 34.4115 
1699175352766850             34.4115 34.4115 34.4115 34.4115 34.4115 34.4115 
1699175352780510             34.4115 34.4115 34.4115 34.4115 34.4115 34.4115 
1699175352782920             34.4115 34.4115 34.4115 34.4115 34.4115 34.4115 
1699175352794390             34.4115 34.4115 34.4115 34.4115 34.4115 34.4115 
1699175352830850             34.4115 34.4115 34.4115 34.4115 34.4115 34.4115 
1699175352837460             34.4115 34.4115 34.4115 34.4115 34.4115 34.4115 
1699175352848420             34.4115 34.4115 34.4115 34.4115 34.4115 34.4115 
1699175352866920             34.4115 34.4115 34.4115 34.4115 34.4115 34.4115 
1699175352872410             34.4115 34.4115 34.4115 34.4115 34.4115 34.4115 
1699175352890280             34.4115 34.4115 34.4115 34.4115 34.4115 34.4115 
1699175352892120             34.4115 34.4115 34.4115 34.4115 34.4115 34.4115 
1699175352915500             34.4115 34.4115 34.4115 34.4115 34.4115 34.4115 
1699175352937140             34.4115 34.4115 34.4115 34.4115 34.4115 34.4115 
1699175352954500             34.4115 34.4115 34.4115 34.4115 34.4115 34.4115 
1699175352962410             34.4115 34.4115 34.4115 34.4115 34.4115 34.4115 
1699175352981020             34.4115 34.4115 34.4115 34.4115 34.4115 34.4115 
1699175353003510             34.4115 34.4115 34.4115 34.4115 34.4115 34.4115 
1699175353035850             34.4115 34.4115 34.4115 34.4115 34.4115 34.4115 
1699175353051090             34.4115 34.4115 34.4115 34.4115 34.4115 34.4115 
1699175353079780             34.4115 34.4115 34.4115 34.4115 34.4115 34.4115 
1699175353080640             34.4115 34.4115 34.4115 34.4115 34.4115 34.4115 
1699175353101510             34.4115 34.4115 34.4115 34.4115 34.4115 34.4115 
1699175353116190             34.4115 34.4115 34.4115 34.4115 34.4115 34.4115 
1699175353136940             34.4115 34.4115 34.4115 34.4115 34.4115 34.4115 
1699175353169630             34.4115 34.4115 34.4115 34.4115 34.4115 34.4115 
1699175353178520             34.4115 34.4115 34.4115 34.4115 34.4115 34.4115 
1699175353181540             34.4115 34.4115 34.4115 34.4115 34.4115 34.4115 
1699175353193410             34.4115 34.4115 34.4115 34.4115 34.4115 34.4115 
1699175353257000             34.4115 34.4115 34.4115 34.4115 34.4115 34.4115 
1699175353260520             34.4115 34.4115 34.4115 34.4115 34.4115 34.4115 
1699175353337560             34.4115 34.4115 34.4115 34.4115 34.4115 34.4115 
1699175353357620             34.4115 34.4115 34.4115 34.4115 34.4115 34.4115 
1699175353389800             34.4115 34.4115 34.4115 34.4115 34.4115 34.4115 
1699175353402430             34.4115 34.4115 34.4115 34.4115 34.4115 34.4115 
1699175353444230             34.4115 34.4115 34.4115 34.4115 34.4115 34.4115 
1699175353477140             34.4115 34.4115 34.4115 34.4115 34.4115 34.4115 
1699175353477170             34.4115 34.4115 34.4115 34.4115 34.4115 34.4115 
1699175353514860             34.4115 34.4115 34.4115 34.4115 34.4115 34.4115 
1699175353524730             34.4115 34.4115 34.4115 34.4115 34.4115 34.4115 
1699175353535610             34.4115 34.4115 34.4115 34.4115 34.4115 34.4115 
1699175353539870             34.4115 34.4115 34.4115 34.4115 34.4115 34.4115 
1699175353560370             34.4115 34.4115 34.4115 34.4115 34.4115 34.4115 
1699175353591230             34.4115 34.4115 34.4115 34.4115 34.4115 34.4115 
1699175353605620             34.4115 34.4115 34.4115 34.4115 34.4115 34.4115 
1699175353607750             34.4115 34.4115 34.4115 34.4115 34.4115 34.4115 
1699175353723990             34.4115 34.4115 34.4115 34.4115 34.4115 34.4115 
1699175353747290             34.4115 34.4115 34.4115 34.4115 34.4115 34.4115 
1699175353881770             34.4115 34.4115 34.4115 34.4115 34.4115 34.4115 
1699175353913530             34.4115 34.4115 34.4115 34.4115 34.4115 34.4115 
1699175353922590             34.4115 34.4115 34.4115 34.4115 34.4115 34.4115 
1699175353958640             34.4115 34.4115 34.4115 34.4115 34.4115 34.4115 
1699175354012590             34.4115 34.4115 34.4115 34.4115 34.4115 34.4115 
1699175354091210             34.4115 34.4115 34.4115 34.4115 34.4115 34.4115 
1699175354099030             34.4115 34.4115 34.4115 34.4115 34.4115 34.4115 
1699175354122080             34.4115 34.4115 34.4115 34.4115 34.4115 34.4115 
1699175354144850             34.4115 34.4115 34.4115 34.4115 34.4115 34.4115 
1699175354212430             34.4115 34.4115 34.4115 34.4115 34.4115 34.4115 
1699175354235850             34.4115 34.4115 34.4115 34.4115 34.4115 34.4115 
1699175354252680             34.4115 34.4115 34.4115 34.4115 34.4115 34.4115 
1699175354266990             34.4115 34.4115 34.4115 34.4115 34.4115 34.4115 
1699175354290730             34.4115 34.4115 34.4115 34.4115 34.4115 34.4115 
1699175354311850             34.4115 34.4115 34.4115 34.4115 34.4115 34.4115 
1699175354333860             34.4115 34.4115 34.4115 34.4115 34.4115 34.4115 
1699175354367640             34.4115 34.4115 34.4115 34.4115 34.4115 34.4115 
1699175354386950             34.4115 34.4115 34.4115 34.4115 34.4115 34.4115 
1699175354397660             34.4115 34.4115 34.4115 34.4115 34.4115 34.4115 
1699175354409020             34.4115 34.4115 34.4115 34.4115 34.4115 34.4115 
1699175354410170             34.4115 34.4115 34.4115 34.4115 34.4115 34.4115 
1699175354426120             34.4115 34.4115 34.4115 34.4115 34.4115 34.4115 
1699175354430530             34.4115 34.4115 34.4115 34.4115 34.4115 34.4115 
1699175354449300             34.4115 34.4115 34.4115 34.4115 34.4115 34.4115 
1699175354453070             34.4115 34.4115 34.4115 34.4115 34.4115 34.4115 
1699175354459490             34.4115 34.4115 34.4115 34.4115 34.4115 34.4115 
1699175354471450             34.4115 34.4115 34.4115 34.4115 34.4115 34.4115 
1699175354479330             34.4115 34.4115 34.4115 34.4115 34.4115 34.4115 
1699175354490460             34.4115 34.4115 34.4115 34.4115 34.4115 34.4115 
1699175354503810             34.4115 34.4115 34.4115 34.4115 34.4115 34.4115 
1699175354511330             34.4115 34.4115 34.4115 34.4115 34.4115 34.4115 
1699175354523550             34.4115 34.4115 34.4115 34.4115 90.4297 34.4115 
1699175354536010             34.4115 34.4115 90 34.4115 34.4115 34.4115 
1699175354541110             34.4115 34.4115 34.4115 34.4115 34.4115 89.1405 
1699175354554580                  90 34.4115 34.4115 34.4115 34.4115 90 
1699175354558440                  90 89.5703 34.4115 90 34.4115 34.4115 
1699175354574470             34.4115 34.4115 34.4115 34.4115 34.4115 34.4115 
1699175354588180             34.4115 34.4115 34.4115 89.1405 34.4115 34.4115 
1699175354590430             34.4115 90.4297 34.4115 34.4115 34.4115 34.4115 
1699175354603860             34.4115 34.4115 34.4115 34.4115 34.4115 34.4115 
1699175354613010             34.4115 34.4115 34.4115 34.4115 34.4115 34.4115 
1699175354626740             34.4115 34.4115 34.4115 34.4115 34.4115 34.4115 
1699175354631050                  90 90 90 90 90 90 
1699175354645590             34.4115 34.4115 34.4115 34.4115 34.4115 34.4115 
1699175354653950             34.4115 34.4115 34.4115 34.4115 34.4115 34.4115 
1699175354660670             34.4115 34.4115 34.4115 34.4115 34.4115 34.4115 
1699175354673200             34.4115 34.4115 34.4115 34.4115 34.4115 34.4115 
1699175354679120             34.4115 34.4115 34.4115 34.4115 34.4115 34.4115 
1699175354687950             34.4115 34.4115 34.4115 34.4115 34.4115 34.4115 
1699175354707140             34.4115 90 34.4115 34.4115 90 34.4115 
1699175354707390             34.4115 90 34.4115 34.4115 89.5703 34.4115 
1699175354717330             34.4115 34.4115 34.4115 34.4115 34.4115 34.4115 
1699175354733630             34.4115 34.4115 34.4115 34.4115 34.4115 34.4115 
1699175354740180             34.4115 34.4115 90 34.4115 34.4115 34.4115 
1699175354753580             34.4115 34.4115 34.4115 34.4115 34.4115 34.4115 
1699175354759600             34.4115 34.4115 34.4115 34.4115 34.4115 34.4115 
1699175354772200             34.4115 34.4115 34.4115 34.4115 34.4115 34.4115 
1699175354778500             34.4115 34.4115 34.4115 34.4115 34.4115 34.4115 
1699175354795710             34.4115 34.4115 34.4115 34.4115 34.4115 34.4115 
1699175354797450             34.4115 34.4115 34.4115 34.4115 34.4115 34.4115 
1699175354811600             34.4115 34.4115 34.4115 34.4115 34.4115 34.4115 
1699175354822700             34.4115 34.4115 34.4115 34.4115 34.4115 34.4115 
1699175354835100             34.4115 34.4115 34.4115 34.4115 34.4115 34.4115 
1699175354845180             34.4115 34.4115 34.4115 34.4115 34.4115 34.4115 
1699175354848070             34.4115 34.4115 34.4115 34.4115 34.4115 34.4115 
1699175354856870             34.4115 34.4115 34.4115 34.4115 34.4115 34.4115 
1699175354873580             34.4115 34.4115 34.4115 34.4115 34.4115 34.4115 
1699175354877500             34.4115 34.4115 34.4115 34.4115 34.4115 34.4115 
1699175354891400             34.4115 34.4115 34.4115 34.4115 34.4115 34.4115 
1699175354896940             34.4115 34.4115 34.4115 34.4115 34.4115 34.4115 
1699175354906950             34.4115 34.4115 34.4115 34.4115 34.4115 34.4115 
1699175354924380             34.4115 34.4115 34.4115 34.4115 34.4115 34.4115 
1699175354934730             34.4115 34.4115 34.4115 34.4115 34.4115 34.4115 
1699175354943990             34.4115 34.4115 34.4115 34.4115 34.4115 34.4115 
1699175354947270             34.4115 34.4115 34.4115 34.4115 34.4115 34.4115 
1699175354960100             34.4115 34.4115 34.4115 34.4115 34.4115 34.4115 
1699175354969260             34.4115 34.4115 34.4115 34.4115 34.4115 34.4115 
1699175354980580             34.4115 34.4115 34.4115 34.4115 34.4115 34.4115 
1699175354989210             34.4115 34.4115 34.4115 34.4115 34.4115 34.4115 
1699175355007000             34.4115 34.4115 34.4115 34.4115 34.4115 34.4115 
1699175355017940             34.4115 34.4115 34.4115 34.4115 34.4115 34.4115 
1699175355032910             34.4115 34.4115 34.4115 34.4115 34.4115 34.4115 
1699175355034960             34.4115 34.4115 34.4115 34.4115 34.4115 34.4115 
1699175355056040             34.4115 34.4115 34.4115 34.4115 34.4115 34.4115 
1699175355075640             34.4115 34.4115 34.4115 34.4115 34.4115 34.4115 
1699175355089890             34.4115 34.4115 34.4115 34.4115 34.4115 34.4115 
1699175355098260             34.4115 34.4115 34.4115 34.4115 34.4115 34.4115 
1699175355146620             34.4115 34.4115 34.4115 34.4115 34.4115 34.4115 
1699175355189270             34.4115 34.4115 34.4115 34.4115 34.4115 34.4115 
1699175355209940             34.4115 34.4115 34.4115 34.4115 34.4115 34.4115 
1699175355242890             34.4115 34.4115 34.4115 34.4115 34.4115 34.4115 
1699175355245720             34.4115 34.4115 34.4115 90.8595 89.1405 90.8595 
1699175355256950             34.4115 34.4115 34.4115 34.4115 34.4115 34.4115 
