Timestamp (microseconds)      Peak Amplitude
1699174861009270                3145
1699174861011290                3311
1699174861029110                3145
1699174861046550                3436
1699174861050270                3020
1699174861065270                3603
1699174861075420                3519
1699174861087540                2561
1699174861089920                3311
1699174861099810                3394
1699174861114390                2936
1699174861127030                2895
1699174861134900                3311
1699174861139830                2728
1699174861156950                2728
1699174861162390                3644
1699174861169100                3270
1699174861180600                2978
1699174861189170                3936
1699174861203200                3020
1699174861214190                3020
1699174861221590                2978
1699174861229470                2686
1699174861252770                2728
1699174861269080                2645
1699174861282210                2728
1699174861288580                2645
1699174861299470                2978
1699174861315920                3769
1699174861327610                3020
1699174861347510                3020
1699174861362410                2728
1699174861378040                3145
1699174861387780                3978
1699174861406670                2811
1699174861406750                2936
1699174861433780                2686
1699174861436730                3020
1699174861453470                3145
1699174861466940                2728
1699174861495370                2853
1699174861496800                2811
1699174861523160                3228
1699174861526340                3853
1699174861548470                2936
1699174861564880                2811
1699174861566900                3186
1699174861588110                2520
1699174861602130                3394
1699174861612020                3020
1699174861623160                2561
1699174861627690                2561
1699174861638790                2686
1699174861656700                2853
1699174861681520                3186
1699174861691660                2811
1699174861709430                2770
1699174861729090                3311
1699174861735870                3311
1699174861753890                2936
1699174861756100                2645
1699174861766050                2603
1699174861775660                2686
1699174861803000                3311
1699174861804770                3561
1699174861815940                2895
1699174861825520                2770
1699174861843820                3478
1699174861867140                2645
1699174861877210                2811
1699174861890230                2686
1699174861893720                2853
1699174861921330                2603
1699174861936020                3228
1699174861955570                3145
1699174861971430                3228
1699174861974610                4103
1699174861990620                2603
1699174862004310                2853
1699174862047290                3020
1699174862052530                2645
1699174862071420                2686
1699174862083770                2770
1699174862099950                2978
1699174862105690                2770
1699174862117430                2728
1699174862121080                3394
1699174862188940                3103
1699174862192840                2645
1699174862209690                2603
1699174862213390                2936
1699174862225210                2728
1699174862238800                2561
1699174862243140                2686
1699174862254200                3478
1699174862288400                2561
1699174862297900                3103
1699174862300120                3186
1699174862324340                2603
1699174862331540                2853
1699174862346210                2603
1699174862352070                2645
1699174862365170                3061
1699174862374470                3061
1699174862391770                2811
1699174862436500                2770
1699174862440600                3270
1699174862462120                2520
1699174862484940                2728
1699174862489490                2603
1699174862503890                3394
1699174862512190                2561
1699174862518770                2895
1699174862528720                2686
1699174862551080                2561
1699174862565590                3103
1699174862599800                3394
1699174862617280                3020
1699174862637280                2603
1699174862650510                2936
1699174862663800                2978
1699174862683670                2770
1699174862687060                2561
1699174862714130                2561
1699174862725550                2770
1699174862769540                2895
1699174862777590                3061
1699174862811380                3145
1699174862828880                2561
1699174862846460                2520
1699174862860280                2603
1699174862866660                3020
1699174862878020                2686
1699174862894680               16018
1699174862896570               21643
1699174862907580                3686
1699174862923390                8894
1699174862925880                5853
1699174862954640                2645
1699174862970890                2520
1699174862979790                2561
1699174862989740                2686
1699174863008150                3061
1699174863014080                3394
1699174863033000                2978
1699174863035070                2770
1699174863050550                2645
1699174863065650                2645
1699174863080310                2561
1699174863089870                2686
1699174863101300                2561
1699174863108770                2728
1699174863122870                2978
1699174863122890                2978
1699174863137460                2603
1699174863165720                3228
1699174863178370                2770
1699174863187510                2686
1699174863198650                2770
1699174863207560                2645
1699174863222790                2978
1699174863233860                2561
1699174863274120                2561
1699174863289690                3186
1699174863301920                2520
1699174863317190                3145
1699174863353900                2561
1699174863367930                3311
1699174863376060                2561
1699174863411050                2603
1699174863434330                2936
1699174863460750                2895
1699174863489190                3728
1699174863490950                2686
1699174863523320                2520
1699174863567860                3103
1699174863571970                3103
1699174863586030                2978
1699174863590990                2603
1699174863618010                3561
1699174863621780                3020
1699174863636970                3853
1699174863639820                2520
1699174863664760                2645
1699174863675020                2603
1699174863678540                2603
1699174863704180                2978
1699174863710950                2520
1699174863739550                2770
1699174863753220                4019
1699174863757840                2603
1699174863775480                2728
1699174863798890                2686
1699174863807790                2770
1699174863820250                2645
1699174863863810                2686
1699174863879030                2728
1699174863886890                2978
1699174863942610                2561
1699174863997130                2978
1699174864009570                3353
1699174864031270                2561
1699174864041300                2770
1699174864057830                2853
1699174864094940                2603
1699174864103360                2770
1699174864112780                2770
1699174864115600                3145
1699174864130800                2895
1699174864186470                2936
1699174864195100                2728
1699174864206240                2853
1699174864225810                3103
1699174864242910                2728
1699174864243960                2770
1699174864264950                2770
1699174864282010                3769
1699174864283610                2811
1699174864300320                2603
1699174864317840                2853
1699174864338140                2645
1699174864362430                2770
1699174864363100                2978
1699174864383640                2728
1699174864397120                3394
1699174864408280                2811
1699174864422170                4019
1699174864424520                4936
1699174864438160                7852
1699174864450540                4936
1699174864460210                6936
1699174864464090                4728
1699174864481080                7852
1699174864484610                8394
1699174864492460                4436
1699174864508800                5228
1699174864512090                5561
1699174864530470                6478
1699174864533280                9519
1699174864550770                5311
1699174864557680               10935
1699174864565220               10977
1699174864580820               12769
1699174864584680               19643
1699174864594470                8769
1699174864605110                7727
1699174864616880                9227
1699174864621450                6519
1699174864639440                9227
1699174864645050                7061
1699174864657920                7769
1699174864662690               10477
1699174864676070                7352
1699174864685450                6228
1699174864699310                6061
1699174864708250                6561
1699174864712660                7936
1699174864728690                7519
1699174864738290               18435
1699174864739890               16102
1699174864756460                9144
1699174864763100               10144
1699174864769650                6894
1699174864786290                5269
1699174864798480                4603
1699174864807280                7186
1699174864809800                4728
1699174864822400                5103
1699174864838200                4436
1699174864842730                4061
1699174864856410                4228
1699174864866760                3853
1699174864877380                3769
1699174864879660                4228
1699174864892100                2686
1699174864902540                3644
1699174864911000                3936
1699174864920680                3311
1699174864932760                3311
1699174864943750                2811
1699174864950520                3145
1699174864962470                3270
1699174864976860                3145
1699174864987020                3478
1699174864992690                3394
1699174865005860                2645
1699174865009660                2686
1699174865018800                3853
1699174865036680                2645
1699174865039710                2811
1699174865055900                2728
1699174865063930                3686
1699174865069510                2811
1699174865086220                2686
1699174865088730                2645
1699174865105510                3353
1699174865107070                2770
1699174865123890                2645
1699174865128840                3353
1699174865151420                2561
1699174865164590                2936
1699174865170530                3228
1699174865182920                2936
1699174865189650                2520
1699174865208490                3519
1699174865222650                3061
1699174865227250                2561
1699174865241510                3311
1699174865249150                2561
1699174865275020               26434
1699174865275610               24767
1699174865290610                5228
1699174865302070                9102
1699174865306090                4603
1699174865334070                2811
1699174865342060                2853
1699174865358310                2895
1699174865370280                2811
1699174865382810                3103
1699174865385690                3436
1699174865411950                3145
1699174865418660                2520
1699174865448680                3061
1699174865463570                2686
1699174865503780                2520
1699174865519850                2978
1699174865552350                3061
1699174865554790                2811
1699174865573440                2770
1699174865584070                3353
1699174865604000                2811
1699174865622090                2728
1699174865627570                3145
1699174865647360                2895
1699174865668670                3020
1699174865693620                3394
1699174865708020                2853
1699174865717410                2603
1699174865731760                2686
1699174865733820                3020
1699174865748800                2936
1699174865760230                2645
1699174865790510                2561
1699174865794130                2520
1699174865812140                2811
1699174865830430                3436
1699174865851920                2561
1699174865867260                2936
1699174865882930                2770
1699174865905030                2728
1699174865924880                3853
1699174865939200                3228
1699174865943540                3145
1699174865958550                3228
1699174865960590                3644
1699174865984080                2811
1699174865997370                2520
1699174866009370                2853
1699174866027490                2895
1699174866031950                2811
1699174866056270                2895
1699174866063260                3353
1699174866076730                3519
1699174866086110                2770
1699174866094560                3936
1699174866105580                3311
1699174866108860                3478
1699174866128010                3394
1699174866132390                3020
1699174866142840                3603
1699174866156520                4186
1699174866162760                3061
1699174866172910                3519
1699174866185830                2770
1699174866195100                3436
1699174866199880                3270
1699174866223660                3061
1699174866237670                3145
1699174866240880                4436
1699174866248260                3603
1699174866261170                4103
1699174866280980                3936
1699174866289950                3936
1699174866299230                3728
1699174866307790                3436
1699174866324800                4311
1699174866331900                4103
1699174866345010                2853
1699174866347310                3061
1699174866360830                3311
1699174866366780                3228
1699174866384310                3394
1699174866389130                2936
1699174866401710                3145
1699174866407590                3478
1699174866417790                3103
1699174866433570                2936
1699174866436460                2603
1699174866453310                2770
1699174866459270                3894
1699174866468090                3436
1699174866480600                3020
1699174866489890                3353
1699174866511980                3519
1699174866518620                3061
1699174866534720                3394
1699174866539050                3311
1699174866548620                2728
1699174866556290                2811
1699174866573420                3811
1699174866580060                2978
1699174866592000                3103
1699174866601460                4228
1699174866606100                2561
1699174866616320                3978
1699174866634170                2978
1699174866637180                2645
1699174866650600                2770
1699174866659580                3061
1699174866672670                3145
1699174866675560                2978
1699174866693880                3978
1699174866694110                3186
1699174866712630                2853
1699174866713950                2770
1699174866729870                2978
1699174866735760                3478
1699174866759480                2811
1699174866773110                3061
1699174866774030                2853
1699174866789950                2895
1699174866804670                2936
1699174866815480                3020
1699174866827840                3311
1699174866836020                3145
1699174866850370                3270
1699174866855530                3478
1699174866864830                3061
1699174866882070                2603
1699174866888960                3103
1699174866894710                2978
1699174866909110                3270
1699174866915380                3228
1699174866931810                2520
1699174866934640                2895
1699174866949610                3519
1699174866961810                2853
1699174866970450                3145
1699174866979940                3686
1699174866982030                2936
1699174866996970                2728
1699174867002080                3311
1699174867014760                3270
1699174867027560                2603
1699174867037740                2686
1699174867059800                3145
1699174867062800                3394
1699174867073120                2728
1699174867087760                2561
1699174867093870                3020
1699174867107270                2770
1699174867113510                2686
1699174867134080                2645
1699174867153980                3145
1699174867168820                3020
1699174867170360                3270
1699174867183350                3103
1699174867193400                4228
1699174867216180                3394
1699174867227090                2978
1699174867231930                3020
1699174867249400                2561
1699174867270950                3103
1699174867288920                2770
1699174867297130                2603
1699174867302450                2770
1699174867312070                2811
1699174867324700                2728
1699174867340000                2811
1699174867358220                3061
1699174867361210                2978
1699174867396440                2936
1699174867403690                2520
1699174867416850                3519
1699174867426420                2936
1699174867429290                2936
1699174867442020                2645
1699174867450200                2603
1699174867477520                3894
1699174867483180                2645
1699174867489340                3644
1699174867505610                3145
1699174867515430                2895
1699174867524550                3145
1699174867537870                2936
1699174867548370                2811
1699174867561160                2936
1699174867576210                2686
1699174867580580                3020
1699174867596190                2978
1699174867598100                3270
1699174867614460                2520
1699174867620750                2603
1699174867628400                2770
1699174867645600                2770
1699174867653980               32767
1699174867657850                5519
1699174867674650                7561
1699174867681030                8394
1699174867699060                3353
1699174867714990                2686
1699174867725960                3103
1699174867736820                3186
1699174867771430                2603
1699174867792210                2811
1699174867802170                3145
1699174867823830                2936
1699174867826530                2686
1699174867839730                3061
1699174867846550                3270
1699174867871750                2686
1699174867879090                3186
1699174867893380                3103
1699174867919460                2895
1699174867932130                2770
1699174867934380                2895
1699174867960980                2936
1699174867979600                2645
1699174868012270                2686
1699174868020850                2728
1699174868059550                2728
1699174868074740                2978
1699174868090770                2811
1699174868101110                2978
1699174868103770                3394
1699174868129510                3020
1699174868136760                2561
1699174868182190                2686
1699174868204520                3228
1699174868212740                3436
1699174868242730                2936
1699174868252150                2770
1699174868270660                3769
1699174868286270                2811
1699174868297850                2686
1699174868303240                3394
1699174868319840                2936
1699174868323020                3020
1699174868334950                2811
1699174868344840                2645
1699174868358780                2728
1699174868393680                2811
1699174868403190                2603
1699174868429190                2561
1699174868449130                2936
1699174868483120                2728
1699174868499020                2645
1699174868526050                2978
1699174868545930                2520
1699174868555710                2645
1699174868568090                2853
1699174868571690                2978
1699174868604370                3186
1699174868612160                2853
1699174868629060                2811
1699174868643800                3436
1699174868670220                2520
1699174868700890                2728
1699174868712340                2645
1699174868723610                2978
1699174868776930                2561
1699174868780340                3020
1699174868793400                2853
1699174868798960                2978
1699174868813420                2561
1699174868826150                2645
1699174868828070                2645
1699174868843380                2978
1699174868849990                2603
1699174868867850                3061
1699174868894180                3353
1699174868924140                2770
1699174868944460                3145
1699174868946760                2895
1699174868982140                2895
1699174869000180                2686
1699174869009120                2686
1699174869024270                3186
1699174869027480                2936
1699174869075510                2728
1699174869096490                3103
1699174869109320                2728
1699174869119450                2686
1699174869134750                2936
1699174869154530                2728
1699174869173530                2728
1699174869176350                2978
1699174869186900                2728
1699174869211490                2770
1699174869231720                2770
1699174869239550                2728
1699174869268060                2978
1699174869288040                2561
1699174869295900                3145
1699174869321290                3228
1699174869323190                2811
1699174869337460                2603
1699174869346720                2603
1699174869358610                3436
1699174869368490                2561
1699174869374070                2770
1699174869386880                2686
1699174869402200                2686
1699174869421480                2728
1699174869434840                2895
1699174869458000                2603
1699174869462150                2728
1699174869476030                2686
1699174869489320                2645
1699174869500820                2686
1699174869506740                2936
1699174869519790                2770
1699174869534150                2728
1699174869548640                2520
1699174869551490                3311
1699174869566510                3061
1699174869593320                2561
1699174869609260                2686
1699174869625980                2520
1699174869655810                2603
1699174869667830                2811
1699174869676290                2603
1699174869698990                3020
1699174869715870                2728
1699174869726770                2520
1699174869739360                2645
1699174869764740                3020
1699174869783920                2520
1699174869797810                2686
1699174869801340                2853
1699174869813780                2811
1699174869850210                3186
1699174869869580                3353
1699174869889540                2770
1699174869902860                2603
1699174869916040                2811
1699174869932530                3061
1699174869942040                2728
1699174869958510                3061
1699174869978450                3020
1699174869993600                2686
1699174870010220                2645
1699174870025900                2520
1699174870032650               26809
1699174870046660                3936
1699174870055660                8186
1699174870059940                8311
1699174870070090                2853
1699174870078090                2811
1699174870087150                2853
1699174870098040                2520
1699174870111860                2520
1699174870118550                2978
1699174870133390                3020
1699174870139670                2853
1699174870170220                2770
1699174870191160                2603
1699174870198520                2728
1699174870224810                3270
1699174870226490                2520
1699174870235860                3061
1699174870261610                2728
1699174870271960                2936
1699174870276160                2686
1699174870301840                3186
1699174870311430                2603
1699174870338020                3186
1699174870348210                3311
1699174870354920                2770
1699174870385890                2811
1699174870401250                2561
1699174870411020                2686
1699174870415590                2561
1699174870439790                2728
1699174870444710                2936
1699174870461700                2603
1699174870478350                2853
1699174870492590                4644
1699174870503110                4353
1699174870509170                8186
1699174870521810                6561
1699174870527070                6686
1699174870535440                4644
1699174870549400                7519
1699174870554120                7561
1699174870570880                6186
1699174870577350                9602
1699174870583360                5603
1699174870599100                5519
1699174870608370                7811
1699174870619370                9477
1699174870624920               17435
1699174870632870               11560
1699174870651170               11227
1699174870653510               13935
1699174870671850                8769
1699174870673110                9394
1699174870686550               11644
1699174870695970                7227
1699174870704370                7269
1699174870715080                6353
1699174870731400               11102
1699174870731560               10144
1699174870744400                6769
1699174870752340                7269
1699174870761310                5769
1699174870777970                7977
1699174870781630                8644
1699174870799470                8936
1699174870805030               16185
1699174870811510               16601
1699174870827160                5728
1699174870838090                7394
1699174870845540                8227
1699174870854910                7102
1699174870868040                6686
1699174870877700                5019
1699174870887150                5394
1699174870891600                4728
1699174870900260                4228
1699174870916220                3894
1699174870922700                4228
1699174870938980                3394
1699174870940310                3728
1699174870950140                3936
1699174870962680                3686
1699174870970200                3103
1699174870982110                3436
1699174870989510                2895
1699174871008630                3145
1699174871010650                3311
1699174871028470                3145
1699174871045910                3436
1699174871049630                3020
1699174871064630                3603
1699174871074780                3519
1699174871086900                2561
1699174871089280                3311
1699174871099170                3394
1699174871113750                2936
1699174871126390                2895
1699174871134260                3311
1699174871139190                2728
1699174871156310                2728
1699174871161750                3644
1699174871168460                3270
1699174871179960                2978
1699174871188530                3936
1699174871202560                3020
1699174871213550                3020
1699174871220950                2978
1699174871228830                2686
1699174871252130                2728
1699174871268440                2645
1699174871281570                2728
1699174871287940                2645
1699174871298830                2978
1699174871315280                3769
1699174871326970                3020
1699174871346870                3020
1699174871361770                2728
1699174871377400                3145
1699174871387140                3978
1699174871406030                2811
1699174871406110                2936
1699174871433140                2686
1699174871436090                3020
1699174871452830                3145
1699174871466300                2728
1699174871494730                2853
1699174871496160                2811
1699174871522520                3228
1699174871525700                3853
1699174871547830                2936
1699174871564240                2811
1699174871566260                3186
1699174871587470                2520
1699174871601490                3394
1699174871611380                3020
1699174871622520                2561
1699174871627050                2561
1699174871638150                2686
1699174871656060                2853
1699174871680880                3186
1699174871691020                2811
1699174871708790                2770
1699174871728450                3311
1699174871735230                3311
1699174871753250                2936
1699174871755460                2645
1699174871765410                2603
1699174871775020                2686
1699174871802360                3311
1699174871804130                3561
1699174871815300                2895
1699174871824880                2770
1699174871843180                3478
1699174871866500                2645
1699174871876570                2811
1699174871889590                2686
1699174871893080                2853
1699174871920690                2603
1699174871935380                3228
1699174871954930                3145
1699174871970790                3228
1699174871973970                4103
1699174871989980                2603
1699174872003670                2853
1699174872046650                3020
1699174872051890                2645
1699174872070780                2686
1699174872083130                2770
1699174872099310                2978
1699174872105050                2770
1699174872116790                2728
1699174872120440                3394
1699174872188300                3103
1699174872192200                2645
1699174872209050                2603
1699174872212750                2936
1699174872224570                2728
1699174872238160                2561
1699174872242500                2686
1699174872253560                3478
1699174872287760                2561
1699174872297260                3103
1699174872299480                3186
1699174872323700                2603
1699174872330900                2853
1699174872345570                2603
1699174872351430                2645
1699174872364530                3061
1699174872373830                3061
1699174872391130                2811
1699174872435860                2770
1699174872439960                3270
1699174872461480                2520
1699174872484300                2728
1699174872488850                2603
1699174872503250                3394
1699174872511550                2561
1699174872518130                2895
1699174872528080                2686
1699174872550440                2561
1699174872564950                3103
1699174872599160                3394
1699174872616640                3020
1699174872636640                2603
1699174872649870                2936
1699174872663160                2978
1699174872683030                2770
1699174872686420                2561
1699174872713490                2561
1699174872724910                2770
1699174872768900                2895
1699174872776950                3061
1699174872810740                3145
1699174872828240                2561
1699174872845820                2520
1699174872859640                2603
1699174872866020                3020
1699174872877380                2686
1699174872894040               16018
1699174872895930               21643
1699174872906940                3686
1699174872922750                8894
1699174872925240                5853
1699174872954000                2645
1699174872970250                2520
1699174872979150                2561
1699174872989100                2686
1699174873007510                3061
1699174873013440                3394
1699174873032360                2978
1699174873034430                2770
1699174873049910                2645
1699174873065010                2645
1699174873079670                2561
1699174873089230                2686
1699174873100660                2561
1699174873108130                2728
1699174873122230                2978
1699174873122250                2978
1699174873136820                2603
1699174873165080                3228
1699174873177730                2770
1699174873186870                2686
1699174873198010                2770
1699174873206920                2645
1699174873222150                2978
1699174873233220                2561
1699174873273480                2561
1699174873289050                3186
1699174873301280                2520
1699174873316550                3145
1699174873353260                2561
1699174873367290                3311
1699174873375420                2561
1699174873410410                2603
1699174873433690                2936
1699174873460110                2895
1699174873488550                3728
1699174873490310                2686
1699174873522680                2520
1699174873567220                3103
1699174873571330                3103
1699174873585390                2978
1699174873590350                2603
1699174873617370                3561
1699174873621140                3020
1699174873636330                3853
1699174873639180                2520
1699174873664120                2645
1699174873674380                2603
1699174873677900                2603
1699174873703540                2978
1699174873710310                2520
1699174873738910                2770
1699174873752580                4019
1699174873757200                2603
1699174873774840                2728
1699174873798250                2686
1699174873807150                2770
1699174873819610                2645
1699174873863170                2686
1699174873878390                2728
1699174873886250                2978
1699174873941970                2561
1699174873996490                2978
1699174874008930                3353
1699174874030630                2561
1699174874040660                2770
1699174874057190                2853
1699174874094300                2603
1699174874102720                2770
1699174874112140                2770
1699174874114960                3145
1699174874130160                2895
1699174874185830                2936
1699174874194460                2728
1699174874205600                2853
1699174874225170                3103
1699174874242270                2728
1699174874243320                2770
1699174874264310                2770
1699174874281370                3769
1699174874282970                2811
1699174874299680                2603
1699174874317200                2853
1699174874337500                2645
1699174874361790                2770
1699174874362460                2978
1699174874383000                2728
1699174874396480                3394
1699174874407640                2811
1699174874421530                4019
1699174874423880                4936
1699174874437520                7852
1699174874449900                4936
1699174874459570                6936
1699174874463450                4728
1699174874480440                7852
1699174874483970                8394
1699174874491820                4436
1699174874508160                5228
1699174874511450                5561
1699174874529830                6478
1699174874532640                9519
1699174874550130                5311
1699174874557040               10935
1699174874564580               10977
1699174874580180               12769
1699174874584040               19643
1699174874593830                8769
1699174874604470                7727
1699174874616240                9227
1699174874620810                6519
1699174874638800                9227
1699174874644410                7061
1699174874657280                7769
1699174874662050               10477
1699174874675430                7352
1699174874684810                6228
1699174874698670                6061
1699174874707610                6561
1699174874712020                7936
1699174874728050                7519
1699174874737650               18435
1699174874739250               16102
1699174874755820                9144
1699174874762460               10144
1699174874769010                6894
1699174874785650                5269
1699174874797840                4603
1699174874806640                7186
1699174874809160                4728
1699174874821760                5103
1699174874837560                4436
1699174874842090                4061
1699174874855770                4228
1699174874866120                3853
1699174874876740                3769
1699174874879020                4228
1699174874891460                2686
1699174874901900                3644
1699174874910360                3936
1699174874920040                3311
1699174874932120                3311
1699174874943110                2811
1699174874949880                3145
1699174874961830                3270
1699174874976220                3145
1699174874986380                3478
1699174874992050                3394
1699174875005220                2645
1699174875009020                2686
1699174875018160                3853
1699174875036040                2645
1699174875039070                2811
1699174875055260                2728
1699174875063290                3686
1699174875068870                2811
1699174875085580                2686
1699174875088090                2645
1699174875104870                3353
1699174875106430                2770
1699174875123250                2645
1699174875128200                3353
1699174875150780                2561
1699174875163950                2936
1699174875169890                3228
1699174875182280                2936
1699174875189010                2520
1699174875207850                3519
1699174875222010                3061
1699174875226610                2561
1699174875240870                3311
1699174875248510                2561
1699174875274380               26434
1699174875274970               24767
1699174875289970                5228
1699174875301430                9102
1699174875305450                4603
1699174875333430                2811
1699174875341420                2853
1699174875357670                2895
1699174875369640                2811
1699174875382170                3103
1699174875385050                3436
1699174875411310                3145
1699174875418020                2520
1699174875448040                3061
1699174875462930                2686
1699174875503140                2520
1699174875519210                2978
1699174875551710                3061
1699174875554150                2811
1699174875572800                2770
1699174875583430                3353
1699174875603360                2811
1699174875621450                2728
1699174875626930                3145
1699174875646720                2895
1699174875668030                3020
1699174875692980                3394
1699174875707380                2853
1699174875716770                2603
1699174875731120                2686
1699174875733180                3020
1699174875748160                2936
1699174875759590                2645
1699174875789870                2561
1699174875793490                2520
1699174875811500                2811
1699174875829790                3436
1699174875851280                2561
1699174875866620                2936
1699174875882290                2770
1699174875904390                2728
1699174875924240                3853
1699174875938560                3228
1699174875942900                3145
1699174875957910                3228
1699174875959950                3644
1699174875983440                2811
1699174875996730                2520
1699174876008730                2853
1699174876026850                2895
1699174876031310                2811
1699174876055630                2895
1699174876062620                3353
1699174876076090                3519
1699174876085470                2770
1699174876093920                3936
1699174876104940                3311
1699174876108220                3478
1699174876127370                3394
1699174876131750                3020
1699174876142200                3603
1699174876155880                4186
1699174876162120                3061
1699174876172270                3519
1699174876185190                2770
1699174876194460                3436
1699174876199240                3270
1699174876223020                3061
1699174876237030                3145
1699174876240240                4436
1699174876247620                3603
1699174876260530                4103
1699174876280340                3936
1699174876289310                3936
1699174876298590                3728
1699174876307150                3436
1699174876324160                4311
1699174876331260                4103
1699174876344370                2853
1699174876346670                3061
1699174876360190                3311
1699174876366140                3228
1699174876383670                3394
1699174876388490                2936
1699174876401070                3145
1699174876406950                3478
1699174876417150                3103
1699174876432930                2936
1699174876435820                2603
1699174876452670                2770
1699174876458630                3894
1699174876467450                3436
1699174876479960                3020
1699174876489250                3353
1699174876511340                3519
1699174876517980                3061
1699174876534080                3394
1699174876538410                3311
1699174876547980                2728
1699174876555650                2811
1699174876572780                3811
1699174876579420                2978
1699174876591360                3103
1699174876600820                4228
1699174876605460                2561
1699174876615680                3978
1699174876633530                2978
1699174876636540                2645
1699174876649960                2770
1699174876658940                3061
1699174876672030                3145
1699174876674920                2978
1699174876693240                3978
1699174876693470                3186
1699174876711990                2853
1699174876713310                2770
1699174876729230                2978
1699174876735120                3478
1699174876758840                2811
1699174876772470                3061
1699174876773390                2853
1699174876789310                2895
1699174876804030                2936
1699174876814840                3020
1699174876827200                3311
1699174876835380                3145
1699174876849730                3270
1699174876854890                3478
1699174876864190                3061
1699174876881430                2603
1699174876888320                3103
1699174876894070                2978
1699174876908470                3270
1699174876914740                3228
1699174876931170                2520
1699174876934000                2895
1699174876948970                3519
1699174876961170                2853
1699174876969810                3145
1699174876979300                3686
1699174876981390                2936
1699174876996330                2728
1699174877001440                3311
1699174877014120                3270
1699174877026920                2603
1699174877037100                2686
1699174877059160                3145
1699174877062160                3394
1699174877072480                2728
1699174877087120                2561
1699174877093230                3020
1699174877106630                2770
1699174877112870                2686
1699174877133440                2645
1699174877153340                3145
1699174877168180                3020
1699174877169720                3270
1699174877182710                3103
1699174877192760                4228
1699174877215540                3394
1699174877226450                2978
1699174877231290                3020
1699174877248760                2561
1699174877270310                3103
1699174877288280                2770
1699174877296490                2603
1699174877301810                2770
1699174877311430                2811
1699174877324060                2728
1699174877339360                2811
1699174877357580                3061
1699174877360570                2978
1699174877395800                2936
1699174877403050                2520
1699174877416210                3519
1699174877425780                2936
1699174877428650                2936
1699174877441380                2645
1699174877449560                2603
1699174877476880                3894
1699174877482540                2645
1699174877488700                3644
1699174877504970                3145
1699174877514790                2895
1699174877523910                3145
1699174877537230                2936
1699174877547730                2811
1699174877560520                2936
1699174877575570                2686
1699174877579940                3020
1699174877595550                2978
1699174877597460                3270
1699174877613820                2520
1699174877620110                2603
1699174877627760                2770
1699174877644960                2770
1699174877653340               32767
1699174877657210                5519
1699174877674010                7561
1699174877680390                8394
1699174877698420                3353
1699174877714350                2686
1699174877725320                3103
1699174877736180                3186
1699174877770790                2603
1699174877791570                2811
1699174877801530                3145
1699174877823190                2936
1699174877825890                2686
1699174877839090                3061
1699174877845910                3270
1699174877871110                2686
1699174877878450                3186
1699174877892740                3103
1699174877918820                2895
1699174877931490                2770
1699174877933740                2895
1699174877960340                2936
1699174877978960                2645
1699174878011630                2686
1699174878020210                2728
1699174878058910                2728
1699174878074100                2978
1699174878090130                2811
1699174878100470                2978
1699174878103130                3394
1699174878128870                3020
1699174878136120                2561
1699174878181550                2686
1699174878203880                3228
1699174878212100                3436
1699174878242090                2936
1699174878251510                2770
1699174878270020                3769
1699174878285630                2811
1699174878297210                2686
1699174878302600                3394
1699174878319200                2936
1699174878322380                3020
1699174878334310                2811
1699174878344200                2645
1699174878358140                2728
1699174878393040                2811
1699174878402550                2603
1699174878428550                2561
1699174878448490                2936
1699174878482480                2728
1699174878498380                2645
1699174878525410                2978
1699174878545290                2520
1699174878555070                2645
1699174878567450                2853
1699174878571050                2978
1699174878603730                3186
1699174878611520                2853
1699174878628420                2811
1699174878643160                3436
1699174878669580                2520
1699174878700250                2728
1699174878711700                2645
1699174878722970                2978
1699174878776290                2561
1699174878779700                3020
1699174878792760                2853
1699174878798320                2978
1699174878812780                2561
1699174878825510                2645
1699174878827430                2645
1699174878842740                2978
1699174878849350                2603
1699174878867210                3061
1699174878893540                3353
1699174878923500                2770
1699174878943820                3145
1699174878946120                2895
1699174878981500                2895
1699174878999540                2686
1699174879008480                2686
1699174879023630                3186
1699174879026840                2936
1699174879074870                2728
1699174879095850                3103
1699174879108680                2728
1699174879118810                2686
1699174879134110                2936
1699174879153890                2728
1699174879172890                2728
1699174879175710                2978
1699174879186260                2728
1699174879210850                2770
1699174879231080                2770
1699174879238910                2728
1699174879267420                2978
1699174879287400                2561
1699174879295260                3145
1699174879320650                3228
1699174879322550                2811
1699174879336820                2603
1699174879346080                2603
1699174879357970                3436
1699174879367850                2561
1699174879373430                2770
1699174879386240                2686
1699174879401560                2686
1699174879420840                2728
1699174879434200                2895
1699174879457360                2603
1699174879461510                2728
1699174879475390                2686
1699174879488680                2645
1699174879500180                2686
1699174879506100                2936
1699174879519150                2770
1699174879533510                2728
1699174879548000                2520
1699174879550850                3311
1699174879565870                3061
1699174879592680                2561
1699174879608620                2686
1699174879625340                2520
1699174879655170                2603
1699174879667190                2811
1699174879675650                2603
1699174879698350                3020
1699174879715230                2728
1699174879726130                2520
1699174879738720                2645
1699174879764100                3020
1699174879783280                2520
1699174879797170                2686
1699174879800700                2853
1699174879813140                2811
1699174879849570                3186
1699174879868940                3353
1699174879888900                2770
1699174879902220                2603
1699174879915400                2811
1699174879931890                3061
1699174879941400                2728
1699174879957870                3061
1699174879977810                3020
1699174879992960                2686
1699174880009580                2645
1699174880025260                2520
1699174880032010               26809
1699174880046020                3936
1699174880055020                8186
1699174880059300                8311
1699174880069450                2853
1699174880077450                2811
1699174880086510                2853
1699174880097400                2520
1699174880111220                2520
1699174880117910                2978
1699174880132750                3020
1699174880139030                2853
1699174880169580                2770
1699174880190520                2603
1699174880197880                2728
1699174880224170                3270
1699174880225850                2520
1699174880235220                3061
1699174880260970                2728
1699174880271320                2936
1699174880275520                2686
1699174880301200                3186
1699174880310790                2603
1699174880337380                3186
1699174880347570                3311
1699174880354280                2770
1699174880385250                2811
1699174880400610                2561
1699174880410380                2686
1699174880414950                2561
1699174880439150                2728
1699174880444070                2936
1699174880461060                2603
1699174880477710                2853
1699174880491950                4644
1699174880502470                4353
1699174880508530                8186
1699174880521170                6561
1699174880526430                6686
1699174880534800                4644
1699174880548760                7519
1699174880553480                7561
1699174880570240                6186
1699174880576710                9602
1699174880582720                5603
1699174880598460                5519
1699174880607730                7811
1699174880618730                9477
1699174880624280               17435
1699174880632230               11560
1699174880650530               11227
1699174880652870               13935
1699174880671210                8769
1699174880672470                9394
1699174880685910               11644
1699174880695330                7227
1699174880703730                7269
1699174880714440                6353
1699174880730760               11102
1699174880730920               10144
1699174880743760                6769
1699174880751700                7269
1699174880760670                5769
1699174880777330                7977
1699174880780990                8644
1699174880798830                8936
1699174880804390               16185
1699174880810870               16601
1699174880826520                5728
1699174880837450                7394
1699174880844900                8227
1699174880854270                7102
1699174880867400                6686
1699174880877060                5019
1699174880886510                5394
1699174880890960                4728
1699174880899620                4228
1699174880915580                3894
1699174880922060                4228
1699174880938340                3394
1699174880939670                3728
1699174880949500                3936
1699174880962040                3686
1699174880969560                3103
1699174880981470                3436
1699174880988870                2895
1699174881007990                3145
1699174881010010                3311
1699174881027830                3145
1699174881045270                3436
1699174881048990                3020
1699174881063990                3603
1699174881074140                3519
1699174881086260                2561
1699174881088640                3311
1699174881098530                3394
1699174881113110                2936
1699174881125750                2895
1699174881133620                3311
1699174881138550                2728
1699174881155670                2728
1699174881161110                3644
1699174881167820                3270
1699174881179320                2978
1699174881187890                3936
1699174881201920                3020
1699174881212910                3020
1699174881220310                2978
1699174881228190                2686
1699174881251490                2728
1699174881267800                2645
1699174881280930                2728
1699174881287300                2645
1699174881298190                2978
1699174881314640                3769
1699174881326330                3020
1699174881346230                3020
1699174881361130                2728
1699174881376760                3145
1699174881386500                3978
1699174881405390                2811
1699174881405470                2936
1699174881432500                2686
1699174881435450                3020
1699174881452190                3145
1699174881465660                2728
1699174881494090                2853
1699174881495520                2811
1699174881521880                3228
1699174881525060                3853
1699174881547190                2936
1699174881563600                2811
1699174881565620                3186
1699174881586830                2520
1699174881600850                3394
1699174881610740                3020
1699174881621880                2561
1699174881626410                2561
1699174881637510                2686
1699174881655420                2853
1699174881680240                3186
1699174881690380                2811
1699174881708150                2770
1699174881727810                3311
1699174881734590                3311
1699174881752610                2936
1699174881754820                2645
1699174881764770                2603
1699174881774380                2686
1699174881801720                3311
1699174881803490                3561
1699174881814660                2895
1699174881824240                2770
1699174881842540                3478
1699174881865860                2645
1699174881875930                2811
1699174881888950                2686
1699174881892440                2853
1699174881920050                2603
1699174881934740                3228
1699174881954290                3145
1699174881970150                3228
1699174881973330                4103
1699174881989340                2603
1699174882003030                2853
1699174882046010                3020
1699174882051250                2645
1699174882070140                2686
1699174882082490                2770
1699174882098670                2978
1699174882104410                2770
1699174882116150                2728
1699174882119800                3394
1699174882187660                3103
1699174882191560                2645
1699174882208410                2603
1699174882212110                2936
1699174882223930                2728
1699174882237520                2561
1699174882241860                2686
1699174882252920                3478
1699174882287120                2561
1699174882296620                3103
1699174882298840                3186
1699174882323060                2603
1699174882330260                2853
1699174882344930                2603
1699174882350790                2645
1699174882363890                3061
1699174882373190                3061
1699174882390490                2811
1699174882435220                2770
1699174882439320                3270
1699174882460840                2520
1699174882483660                2728
1699174882488210                2603
1699174882502610                3394
1699174882510910                2561
1699174882517490                2895
1699174882527440                2686
1699174882549800                2561
1699174882564310                3103
1699174882598520                3394
1699174882616000                3020
1699174882636000                2603
1699174882649230                2936
1699174882662520                2978
1699174882682390                2770
1699174882685780                2561
1699174882712850                2561
1699174882724270                2770
1699174882768260                2895
1699174882776310                3061
1699174882810100                3145
1699174882827600                2561
1699174882845180                2520
1699174882859000                2603
1699174882865380                3020
1699174882876740                2686
1699174882893400               16018
1699174882895290               21643
1699174882906300                3686
1699174882922110                8894
1699174882924600                5853
1699174882953360                2645
1699174882969610                2520
1699174882978510                2561
1699174882988460                2686
1699174883006870                3061
1699174883012800                3394
1699174883031720                2978
1699174883033790                2770
1699174883049270                2645
1699174883064370                2645
1699174883079030                2561
1699174883088590                2686
1699174883100020                2561
1699174883107490                2728
1699174883121590                2978
1699174883121610                2978
1699174883136180                2603
1699174883164440                3228
1699174883177090                2770
1699174883186230                2686
1699174883197370                2770
1699174883206280                2645
1699174883221510                2978
1699174883232580                2561
1699174883272840                2561
1699174883288410                3186
1699174883300640                2520
1699174883315910                3145
1699174883352620                2561
1699174883366650                3311
1699174883374780                2561
1699174883409770                2603
1699174883433050                2936
1699174883459470                2895
1699174883487910                3728
1699174883489670                2686
1699174883522040                2520
1699174883566580                3103
1699174883570690                3103
1699174883584750                2978
1699174883589710                2603
1699174883616730                3561
1699174883620500                3020
1699174883635690                3853
1699174883638540                2520
1699174883663480                2645
1699174883673740                2603
1699174883677260                2603
1699174883702900                2978
1699174883709670                2520
1699174883738270                2770
1699174883751940                4019
1699174883756560                2603
1699174883774200                2728
1699174883797610                2686
1699174883806510                2770
1699174883818970                2645
1699174883862530                2686
1699174883877750                2728
1699174883885610                2978
1699174883941330                2561
1699174883995850                2978
1699174884008290                3353
1699174884029990                2561
1699174884040020                2770
1699174884056550                2853
1699174884093660                2603
1699174884102080                2770
1699174884111500                2770
1699174884114320                3145
1699174884129520                2895
1699174884185190                2936
1699174884193820                2728
1699174884204960                2853
1699174884224530                3103
1699174884241630                2728
1699174884242680                2770
1699174884263670                2770
1699174884280730                3769
1699174884282330                2811
1699174884299040                2603
1699174884316560                2853
1699174884336860                2645
1699174884361150                2770
1699174884361820                2978
1699174884382360                2728
1699174884395840                3394
1699174884407000                2811
1699174884420890                4019
1699174884423240                4936
1699174884436880                7852
1699174884449260                4936
1699174884458930                6936
1699174884462810                4728
1699174884479800                7852
1699174884483330                8394
1699174884491180                4436
1699174884507520                5228
1699174884510810                5561
1699174884529190                6478
1699174884532000                9519
1699174884549490                5311
1699174884556400               10935
1699174884563940               10977
1699174884579540               12769
1699174884583400               19643
1699174884593190                8769
1699174884603830                7727
1699174884615600                9227
1699174884620170                6519
1699174884638160                9227
1699174884643770                7061
1699174884656640                7769
1699174884661410               10477
1699174884674790                7352
1699174884684170                6228
1699174884698030                6061
1699174884706970                6561
1699174884711380                7936
1699174884727410                7519
1699174884737010               18435
1699174884738610               16102
1699174884755180                9144
1699174884761820               10144
1699174884768370                6894
1699174884785010                5269
1699174884797200                4603
1699174884806000                7186
1699174884808520                4728
1699174884821120                5103
1699174884836920                4436
1699174884841450                4061
1699174884855130                4228
1699174884865480                3853
1699174884876100                3769
1699174884878380                4228
1699174884890820                2686
1699174884901260                3644
1699174884909720                3936
1699174884919400                3311
1699174884931480                3311
1699174884942470                2811
1699174884949240                3145
1699174884961190                3270
1699174884975580                3145
1699174884985740                3478
1699174884991410                3394
1699174885004580                2645
1699174885008380                2686
1699174885017520                3853
1699174885035400                2645
1699174885038430                2811
1699174885054620                2728
1699174885062650                3686
1699174885068230                2811
1699174885084940                2686
1699174885087450                2645
1699174885104230                3353
1699174885105790                2770
1699174885122610                2645
1699174885127560                3353
1699174885150140                2561
1699174885163310                2936
1699174885169250                3228
1699174885181640                2936
1699174885188370                2520
1699174885207210                3519
1699174885221370                3061
1699174885225970                2561
1699174885240230                3311
1699174885247870                2561
1699174885273740               26434
1699174885274330               24767
1699174885289330                5228
1699174885300790                9102
1699174885304810                4603
1699174885332790                2811
1699174885340780                2853
1699174885357030                2895
1699174885369000                2811
1699174885381530                3103
1699174885384410                3436
1699174885410670                3145
1699174885417380                2520
1699174885447400                3061
1699174885462290                2686
1699174885502500                2520
1699174885518570                2978
1699174885551070                3061
1699174885553510                2811
1699174885572160                2770
1699174885582790                3353
1699174885602720                2811
1699174885620810                2728
1699174885626290                3145
1699174885646080                2895
1699174885667390                3020
1699174885692340                3394
1699174885706740                2853
1699174885716130                2603
1699174885730480                2686
1699174885732540                3020
1699174885747520                2936
1699174885758950                2645
1699174885789230                2561
1699174885792850                2520
1699174885810860                2811
1699174885829150                3436
1699174885850640                2561
1699174885865980                2936
1699174885881650                2770
1699174885903750                2728
1699174885923600                3853
1699174885937920                3228
1699174885942260                3145
1699174885957270                3228
1699174885959310                3644
1699174885982800                2811
1699174885996090                2520
1699174886008090                2853
1699174886026210                2895
1699174886030670                2811
1699174886054990                2895
1699174886061980                3353
1699174886075450                3519
1699174886084830                2770
1699174886093280                3936
1699174886104300                3311
1699174886107580                3478
1699174886126730                3394
1699174886131110                3020
1699174886141560                3603
1699174886155240                4186
1699174886161480                3061
1699174886171630                3519
1699174886184550                2770
1699174886193820                3436
1699174886198600                3270
1699174886222380                3061
1699174886236390                3145
1699174886239600                4436
1699174886246980                3603
1699174886259890                4103
1699174886279700                3936
1699174886288670                3936
1699174886297950                3728
1699174886306510                3436
1699174886323520                4311
1699174886330620                4103
1699174886343730                2853
1699174886346030                3061
1699174886359550                3311
1699174886365500                3228
1699174886383030                3394
1699174886387850                2936
1699174886400430                3145
1699174886406310                3478
1699174886416510                3103
1699174886432290                2936
1699174886435180                2603
1699174886452030                2770
1699174886457990                3894
1699174886466810                3436
1699174886479320                3020
1699174886488610                3353
1699174886510700                3519
1699174886517340                3061
1699174886533440                3394
1699174886537770                3311
1699174886547340                2728
1699174886555010                2811
1699174886572140                3811
1699174886578780                2978
1699174886590720                3103
1699174886600180                4228
1699174886604820                2561
1699174886615040                3978
1699174886632890                2978
1699174886635900                2645
1699174886649320                2770
1699174886658300                3061
1699174886671390                3145
1699174886674280                2978
1699174886692600                3978
1699174886692830                3186
1699174886711350                2853
1699174886712670                2770
1699174886728590                2978
1699174886734480                3478
1699174886758200                2811
1699174886771830                3061
1699174886772750                2853
1699174886788670                2895
1699174886803390                2936
1699174886814200                3020
1699174886826560                3311
1699174886834740                3145
1699174886849090                3270
1699174886854250                3478
1699174886863550                3061
1699174886880790                2603
1699174886887680                3103
1699174886893430                2978
1699174886907830                3270
1699174886914100                3228
1699174886930530                2520
1699174886933360                2895
1699174886948330                3519
1699174886960530                2853
1699174886969170                3145
1699174886978660                3686
1699174886980750                2936
1699174886995690                2728
1699174887000800                3311
1699174887013480                3270
1699174887026280                2603
1699174887036460                2686
1699174887058520                3145
1699174887061520                3394
1699174887071840                2728
1699174887086480                2561
1699174887092590                3020
1699174887105990                2770
1699174887112230                2686
1699174887132800                2645
1699174887152700                3145
1699174887167540                3020
1699174887169080                3270
1699174887182070                3103
1699174887192120                4228
1699174887214900                3394
1699174887225810                2978
1699174887230650                3020
1699174887248120                2561
1699174887269670                3103
1699174887287640                2770
1699174887295850                2603
1699174887301170                2770
1699174887310790                2811
1699174887323420                2728
1699174887338720                2811
1699174887356940                3061
1699174887359930                2978
1699174887395160                2936
1699174887402410                2520
1699174887415570                3519
1699174887425140                2936
1699174887428010                2936
1699174887440740                2645
1699174887448920                2603
1699174887476240                3894
1699174887481900                2645
1699174887488060                3644
1699174887504330                3145
1699174887514150                2895
1699174887523270                3145
1699174887536590                2936
1699174887547090                2811
1699174887559880                2936
1699174887574930                2686
1699174887579300                3020
1699174887594910                2978
1699174887596820                3270
1699174887613180                2520
1699174887619470                2603
1699174887627120                2770
1699174887644320                2770
1699174887652700               32767
1699174887656570                5519
1699174887673370                7561
1699174887679750                8394
1699174887697780                3353
1699174887713710                2686
1699174887724680                3103
1699174887735540                3186
1699174887770150                2603
1699174887790930                2811
1699174887800890                3145
1699174887822550                2936
1699174887825250                2686
1699174887838450                3061
1699174887845270                3270
1699174887870470                2686
1699174887877810                3186
1699174887892100                3103
1699174887918180                2895
1699174887930850                2770
1699174887933100                2895
1699174887959700                2936
1699174887978320                2645
1699174888010990                2686
1699174888019570                2728
1699174888058270                2728
1699174888073460                2978
1699174888089490                2811
