Timestamp (microseconds)      Peak Amplitude
1699174861009270            -0.00066 -0.00132 -0.00198 -0.00066 -0.00132 -0.00066 
1699174861011290            -0.00066 -0.00132 -0.00198 -0.00066 -0.00132 -0.00066 
1699174861029110            -0.00066 -0.00132 -0.00198 -0.00066 -0.00132 -0.00066 
1699174861046550            -0.00066 -0.00132 -0.00198 -0.00066 -0.00132 -0.00066 
1699174861050270            -0.00066 -0.00132 -0.00198 -0.00066 -0.00132 -0.00066 
1699174861065270            -0.00066 -0.00132 -0.00198 -0.00066 -0.00132 -0.00066 
1699174861075420            -0.00066 -0.00132 -0.00198 -0.00066 -0.00132 -0.00066 
1699174861087540            -0.00066 -0.00132 -0.00198 -0.00066 -0.00132 -0.00066 
1699174861089920            -0.00066 -0.00132 -0.00198 -0.00066 -0.00132 -0.00066 
1699174861099810            -0.00066 -0.00132 -0.00198 -0.00066 -0.00132 -0.00066 
1699174861114390            -0.00066 -0.00132 -0.00198 -0.00066 -0.00132 -0.00066 
1699174861127030            -0.00066 -0.00132 -0.00198 -0.00066 -0.00132 -0.00066 
1699174861134900            -0.00066 -0.00132 -0.00198 -0.00066 -0.00132 -0.00066 
1699174861139830            -0.00066 -0.00132 -0.00198 -0.00066 -0.00132 -0.00066 
1699174861156950            -0.00066 -0.00132 -0.00198 -0.00066 -0.00132 -0.00066 
1699174861162390            -0.00066 -0.00132 -0.00198 -0.00066 -0.00132 -0.00066 
1699174861169100            -0.00066 -0.00132 -0.00198 -0.00066 -0.00132 -0.00066 
1699174861180600            -0.00066 -0.00132 -0.00198 -0.00066 -0.00132 -0.00066 
1699174861189170            -0.00066 -0.00132 -0.00198 -0.00066 -0.00132 -0.00066 
1699174861203200            -0.00066 -0.00132 -0.00198 -0.00066 -0.00132 -0.00066 
1699174861214190            -0.00066 -0.00132 -0.00198 -0.00066 -0.00132 -0.00066 
1699174861221590            -0.00066 -0.00132 -0.00198 -0.00066 -0.00132 -0.00066 
1699174861229470            -0.00066 -0.00132 -0.00198 -0.00066 -0.00132 -0.00066 
1699174861252770            -0.00066 -0.00132 -0.00198 -0.00066 -0.00132 -0.00066 
1699174861269080            -0.00066 -0.00132 -0.00198 -0.00066 -0.00132 -0.00066 
1699174861282210            -0.00066 -0.00132 -0.00198 -0.00066 -0.00132 -0.00066 
1699174861288580            -0.00066 -0.00132 -0.00198 -0.00066 -0.00132 -0.00066 
1699174861299470            -0.00066 -0.00132 -0.00198 -0.00066 -0.00132 -0.00066 
1699174861315920            -0.00066 -0.00132 -0.00198 -0.00066 -0.00132 -0.00066 
1699174861327610            -0.00066 -0.00132 -0.00198 -0.00066 -0.00132 -0.00066 
1699174861347510            -0.00066 -0.00132 -0.00198 -0.00066 -0.00132 -0.00066 
1699174861362410            -0.00066 -0.00132 -0.00198 -0.00066 -0.00132 -0.00066 
1699174861378040            -0.00066 -0.00132 -0.00198 -0.00066 -0.00132 -0.00066 
1699174861387780            -0.00066 -0.00132 -0.00198 -0.00066 -0.00132 -0.00066 
1699174861406670            -0.00066 -0.00132 -0.00198 -0.00066 -0.00132 -0.00066 
1699174861406750            -0.00066 -0.00132 -0.00198 -0.00066 -0.00132 -0.00066 
1699174861433780            -0.00066 -0.00132 -0.00198 -0.00066 -0.00132 -0.00066 
1699174861436730            -0.00066 -0.00132 -0.00198 -0.00066 -0.00132 -0.00066 
1699174861453470            -0.00066 -0.00132 -0.00198 -0.00066 -0.00132 -0.00066 
1699174861466940            -0.00066 -0.00132 -0.00198 -0.00066 -0.00132 -0.00066 
1699174861495370            -0.00066 -0.00132 -0.00198 -0.00066 -0.00132 -0.00066 
1699174861496800            -0.00066 -0.00132 -0.00198 -0.00066 -0.00132 -0.00066 
1699174861523160            -0.00066 -0.00132 -0.00198 -0.00066 -0.00132 -0.00066 
1699174861526340            -0.00066 -0.00132 -0.00198 -0.00066 -0.00132 -0.00066 
1699174861548470            -0.00066 -0.00132 -0.00198 -0.00066 -0.00132 -0.00066 
1699174861564880            -0.00066 -0.00132 -0.00198 -0.00066 -0.00132 -0.00066 
1699174861566900            -0.00066 -0.00132 -0.00198 -0.00066 -0.00132 -0.00066 
1699174861588110            -0.00066 -0.00132 -0.00198 -0.00066 -0.00132 -0.00066 
1699174861602130            -0.00066 -0.00132 -0.00198 -0.00066 -0.00132 -0.00066 
1699174861612020            -0.00066 -0.00132 -0.00198 -0.00066 -0.00132 -0.00066 
1699174861623160            -0.00066 -0.00132 -0.00198 -0.00066 -0.00132 -0.00066 
1699174861627690            -0.00066 -0.00132 -0.00198 -0.00066 -0.00132 -0.00066 
1699174861638790            -0.00066 -0.00132 -0.00198 -0.00066 -0.00132 -0.00066 
1699174861656700            -0.00066 -0.00132 -0.00198 -0.00066 -0.00132 -0.00066 
1699174861681520            -0.00066 -0.00132 -0.00198 -0.00066 -0.00132 -0.00066 
1699174861691660            -0.00066 -0.00132 -0.00198 -0.00066 -0.00132 -0.00066 
1699174861709430            -0.00066 -0.00132 -0.00198 -0.00066 -0.00132 -0.00066 
1699174861729090            -0.00066 -0.00132 -0.00198 -0.00066 -0.00132 -0.00066 
1699174861735870            -0.00066 -0.00132 -0.00198 -0.00066 -0.00132 -0.00066 
1699174861753890            -0.00066 -0.00132 -0.00198 -0.00066 -0.00132 -0.00066 
1699174861756100            -0.00066 -0.00132 -0.00198 -0.00066 -0.00132 -0.00066 
1699174861766050            -0.00066 -0.00132 -0.00198 -0.00066 -0.00132 -0.00066 
1699174861775660            -0.00066 -0.00132 -0.00198 -0.00066 -0.00132 -0.00066 
1699174861803000            -0.00066 -0.00132 -0.00198 -0.00066 -0.00132 -0.00066 
1699174861804770            -0.00066 -0.00132 -0.00198 -0.00066 -0.00132 -0.00066 
1699174861815940            -0.00066 -0.00132 -0.00198 -0.00066 -0.00132 -0.00066 
1699174861825520            -0.00066 -0.00132 -0.00198 -0.00066 -0.00132 -0.00066 
1699174861843820            -0.00066 -0.00132 -0.00198 -0.00066 -0.00132 -0.00066 
1699174861867140            -0.00066 -0.00132 -0.00198 -0.00066 -0.00132 -0.00066 
1699174861877210            -0.00066 -0.00132 -0.00198 -0.00066 -0.00132 -0.00066 
1699174861890230            -0.00066 -0.00132 -0.00198 -0.00066 -0.00132 -0.00066 
1699174861893720            -0.00066 -0.00132 -0.00198 -0.00066 -0.00132 -0.00066 
1699174861921330            -0.00066 -0.00132 -0.00198 -0.00066 -0.00132 -0.00066 
1699174861936020            -0.00066 -0.00132 -0.00198 -0.00066 -0.00132 -0.00066 
1699174861955570            -0.00066 -0.00132 -0.00198 -0.00066 -0.00132 -0.00066 
1699174861971430            -0.00066 -0.00132 -0.00198 -0.00066 -0.00132 -0.00066 
1699174861974610            -0.00066 -0.00132 -0.00198 -0.00066 -0.00132 -0.00066 
1699174861990620            -0.00066 -0.00132 -0.00198 -0.00066 -0.00132 -0.00066 
1699174862004310            -0.00066 -0.00132 -0.00198 -0.00066 -0.00132 -0.00066 
1699174862047290            -0.00066 -0.00132 -0.00198 -0.00066 -0.00132 -0.00066 
1699174862052530            -0.00066 -0.00132 -0.00198 -0.00066 -0.00132 -0.00066 
1699174862071420            -0.00066 -0.00132 -0.00198 -0.00066 -0.00132 -0.00066 
1699174862083770            -0.00066 -0.00132 -0.00198 -0.00066 -0.00132 -0.00066 
1699174862099950            -0.00066 -0.00132 -0.00198 -0.00066 -0.00132 -0.00066 
1699174862105690            -0.00066 -0.00132 -0.00198 -0.00066 -0.00132 -0.00066 
1699174862117430            -0.00066 -0.00132 -0.00198 -0.00066 -0.00132 -0.00066 
1699174862121080            -0.00066 -0.00132 -0.00198 -0.00066 -0.00132 -0.00066 
1699174862188940            -0.00066 -0.00132 -0.00198 -0.00066 -0.00132 -0.00066 
1699174862192840            -0.00066 -0.00132 -0.00198 -0.00066 -0.00132 -0.00066 
1699174862209690            -0.00066 -0.00132 -0.00198 -0.00066 -0.00132 -0.00066 
1699174862213390            -0.00066 -0.00132 -0.00198 -0.00066 -0.00132 -0.00066 
1699174862225210            -0.00066 -0.00132 -0.00198 -0.00066 -0.00132 -0.00066 
1699174862238800            -0.00066 -0.00132 -0.00198 -0.00066 -0.00132 -0.00066 
1699174862243140            -0.00066 -0.00132 -0.00198 -0.00066 -0.00132 -0.00066 
1699174862254200            -0.00066 -0.00132 -0.00198 -0.00066 -0.00132 -0.00066 
1699174862288400            -0.00066 -0.00132 -0.00198 -0.00066 -0.00132 -0.00066 
1699174862297900            -0.00066 -0.00132 -0.00198 -0.00066 -0.00132 -0.00066 
1699174862300120            -0.00066 -0.00132 -0.00198 -0.00066 -0.00132 -0.00066 
1699174862324340            -0.00066 -0.00132 -0.00198 -0.00066 -0.00132 -0.00066 
1699174862331540            -0.00066 -0.00132 -0.00198 -0.00066 -0.00132 -0.00066 
1699174862346210            -0.00066 -0.00132 -0.00198 -0.00066 -0.00132 -0.00066 
1699174862352070            -0.00066 -0.00132 -0.00198 -0.00066 -0.00132 -0.00066 
1699174862365170            -0.00066 -0.00132 -0.00198 -0.00066 -0.00132 -0.00066 
1699174862374470            -0.00066 -0.00132 -0.00198 -0.00066 -0.00132 -0.00066 
1699174862391770            -0.00066 -0.00132 -0.00198 -0.00066 -0.00132 -0.00066 
1699174862436500            -0.00066 -0.00132 -0.00198 -0.00066 -0.00132 -0.00066 
1699174862440600            -0.00066 -0.00132 -0.00198 -0.00066 -0.00132 -0.00066 
1699174862462120            -0.00066 -0.00132 -0.00198 -0.00066 -0.00132 -0.00066 
1699174862484940            -0.00066 -0.00132 -0.00198 -0.00066 -0.00132 -0.00066 
1699174862489490            -0.00066 -0.00132 -0.00198 -0.00066 -0.00132 -0.00066 
1699174862503890            -0.00066 -0.00132 -0.00198 -0.00066 -0.00132 -0.00066 
1699174862512190            -0.00066 -0.00132 -0.00198 -0.00066 -0.00132 -0.00066 
1699174862518770            -0.00066 -0.00132 -0.00198 -0.00066 -0.00132 -0.00066 
1699174862528720            -0.00066 -0.00132 -0.00198 -0.00066 -0.00132 -0.00066 
1699174862551080            -0.00066 -0.00132 -0.00198 -0.00066 -0.00132 -0.00066 
1699174862565590            -0.00066 -0.00132 -0.00198 -0.00066 -0.00132 -0.00066 
1699174862599800            -0.00066 -0.00132 -0.00198 -0.00066 -0.00132 -0.00066 
1699174862617280            -0.00066 -0.00132 -0.00198 -0.00066 -0.00132 -0.00066 
1699174862637280            -0.00066 -0.00132 -0.00198 -0.00066 -0.00132 -0.00066 
1699174862650510            -0.00066 -0.00132 -0.00198 -0.00066 -0.00132 -0.00066 
1699174862663800            -0.00066 -0.00132 -0.00198 -0.00066 -0.00132 -0.00066 
1699174862683670            -0.00066 -0.00132 -0.00198 -0.00066 -0.00132 -0.00066 
1699174862687060            -0.00066 -0.00132 -0.00198 -0.00066 -0.00132 -0.00066 
1699174862714130            -0.00066 -0.00132 -0.00198 -0.00066 -0.00132 -0.00066 
1699174862725550            -0.00066 -0.00132 -0.00198 -0.00066 -0.00132 -0.00066 
1699174862769540            -0.00066 -0.00132 -0.00198 -0.00066 -0.00132 -0.00066 
1699174862777590            -0.00066 -0.00132 -0.00198 -0.00066 -0.00132 -0.00066 
1699174862811380            -0.00066 -0.00132 -0.00198 -0.00066 -0.00132 -0.00066 
1699174862828880            -0.00066 -0.00132 -0.00198 -0.00066 -0.00132 -0.00066 
1699174862846460            -0.00066 -0.00132 -0.00198 -0.00066 -0.00132 -0.00066 
1699174862860280            -0.00066 -0.00132 -0.00198 -0.00066 -0.00132 -0.00066 
1699174862866660            -0.00066 -0.00132 -0.00198 -0.00066 -0.00132 -0.00066 
1699174862878020            -0.00066 -0.00132 -0.00198 -0.00066 -0.00132 -0.00066 
1699174862894680            -0.00066 -0.00132 -0.00198 -0.00066 -0.00132 -0.00066 
1699174862896570            -0.00066 -0.00132 -0.00198 -0.00066 -0.00132 -0.00066 
1699174862907580            -0.00066 -0.00132 -0.00198 -0.00066 -0.00132 -0.00066 
1699174862923390            -0.00066 -0.00132 -0.00198 -0.00066 -0.00132 -0.00066 
1699174862925880            -0.00066 -0.00132 -0.00198 -0.00066 -0.00132 -0.00066 
1699174862954640            -0.00066 -0.00132 -0.00198 -0.00066 -0.00132 -0.00066 
1699174862970890            -0.00066 -0.00132 -0.00198 -0.00066 -0.00132 -0.00066 
1699174862979790            -0.00066 -0.00132 -0.00198 -0.00066 -0.00132 -0.00066 
1699174862989740            -0.00066 -0.00132 -0.00198 -0.00066 -0.00132 -0.00066 
1699174863008150            -0.00066 -0.00132 -0.00198 -0.00066 -0.00132 -0.00066 
1699174863014080            -0.00066 -0.00132 -0.00198 -0.00066 -0.00132 -0.00066 
1699174863033000            -0.00066 -0.00132 -0.00198 -0.00066 -0.00132 -0.00066 
1699174863035070            -0.00066 -0.00132 -0.00198 -0.00066 -0.00132 -0.00066 
1699174863050550            -0.00066 -0.00132 -0.00198 -0.00066 -0.00132 -0.00066 
1699174863065650            -0.00066 -0.00132 -0.00198 -0.00066 -0.00132 -0.00066 
1699174863080310            -0.00066 -0.00132 -0.00198 -0.00066 -0.00132 -0.00066 
1699174863089870            -0.00066 -0.00132 -0.00198 -0.00066 -0.00132 -0.00066 
1699174863101300            -0.00066 -0.00132 -0.00198 -0.00066 -0.00132 -0.00066 
1699174863108770            -0.00066 -0.00132 -0.00198 -0.00066 -0.00132 -0.00066 
1699174863122870            -0.00066 -0.00132 -0.00198 -0.00066 -0.00132 -0.00066 
1699174863122890            -0.00066 -0.00132 -0.00198 -0.00066 -0.00132 -0.00066 
1699174863137460            -0.00066 -0.00132 -0.00198 -0.00066 -0.00132 -0.00066 
1699174863165720            -0.00066 -0.00132 -0.00198 -0.00066 -0.00132 -0.00066 
1699174863178370            -0.00066 -0.00132 -0.00198 -0.00066 -0.00132 -0.00066 
1699174863187510            -0.00066 -0.00132 -0.00198 -0.00066 -0.00132 -0.00066 
1699174863198650            -0.00066 -0.00132 -0.00198 -0.00066 -0.00132 -0.00066 
1699174863207560            -0.00066 -0.00132 -0.00198 -0.00066 -0.00132 -0.00066 
1699174863222790            -0.00066 -0.00132 -0.00198 -0.00066 -0.00132 -0.00066 
1699174863233860            -0.00066 -0.00132 -0.00198 -0.00066 -0.00132 -0.00066 
1699174863274120            -0.00066 -0.00132 -0.00198 -0.00066 -0.00132 -0.00066 
1699174863289690            -0.00066 -0.00132 -0.00198 -0.00066 -0.00132 -0.00066 
1699174863301920            -0.00066 -0.00132 -0.00198 -0.00066 -0.00132 -0.00066 
1699174863317190            -0.00066 -0.00132 -0.00198 -0.00066 -0.00132 -0.00066 
1699174863353900            -0.00066 -0.00132 -0.00198 -0.00066 -0.00132 -0.00066 
1699174863367930            -0.00066 -0.00132 -0.00198 -0.00066 -0.00132 -0.00066 
1699174863376060            -0.00066 -0.00132 -0.00198 -0.00066 -0.00132 -0.00066 
1699174863411050            -0.00066 -0.00132 -0.00198 -0.00066 -0.00132 -0.00066 
1699174863434330            -0.00066 -0.00132 -0.00198 -0.00066 -0.00132 -0.00066 
1699174863460750            -0.00066 -0.00132 -0.00198 -0.00066 -0.00132 -0.00066 
1699174863489190            -0.00066 -0.00132 -0.00198 -0.00066 -0.00132 -0.00066 
1699174863490950            -0.00066 -0.00132 -0.00198 -0.00066 -0.00132 -0.00066 
1699174863523320            -0.00066 -0.00132 -0.00198 -0.00066 -0.00132 -0.00066 
1699174863567860            -0.00066 -0.00132 -0.00198 -0.00066 -0.00132 -0.00066 
1699174863571970            -0.00066 -0.00132 -0.00198 -0.00066 -0.00132 -0.00066 
1699174863586030            -0.00066 -0.00132 -0.00198 -0.00066 -0.00132 -0.00066 
1699174863590990            -0.00066 -0.00132 -0.00198 -0.00066 -0.00132 -0.00066 
1699174863618010            -0.00066 -0.00132 -0.00198 -0.00066 -0.00132 -0.00066 
1699174863621780            -0.00066 -0.00132 -0.00198 -0.00066 -0.00132 -0.00066 
1699174863636970            -0.00066 -0.00132 -0.00198 -0.00066 -0.00132 -0.00066 
1699174863639820            -0.00066 -0.00132 -0.00198 -0.00066 -0.00132 -0.00066 
1699174863664760            -0.00066 -0.00132 -0.00198 -0.00066 -0.00132 -0.00066 
1699174863675020            -0.00066 -0.00132 -0.00198 -0.00066 -0.00132 -0.00066 
1699174863678540            -0.00066 -0.00132 -0.00198 -0.00066 -0.00132 -0.00066 
1699174863704180            -0.00066 -0.00132 -0.00198 -0.00066 -0.00132 -0.00066 
1699174863710950            -0.00066 -0.00132 -0.00198 -0.00066 -0.00132 -0.00066 
1699174863739550            -0.00066 -0.00132 -0.00198 -0.00066 -0.00132 -0.00066 
1699174863753220            -0.00066 -0.00132 -0.00198 -0.00066 -0.00132 -0.00066 
1699174863757840            -0.00066 -0.00132 -0.00198 -0.00066 -0.00132 -0.00066 
1699174863775480            -0.00066 -0.00132 -0.00198 -0.00066 -0.00132 -0.00066 
1699174863798890            -0.00066 -0.00132 -0.00198 -0.00066 -0.00132 -0.00066 
1699174863807790            -0.00066 -0.00132 -0.00198 -0.00066 -0.00132 -0.00066 
1699174863820250            -0.00066 -0.00132 -0.00198 -0.00066 -0.00132 -0.00066 
1699174863863810            -0.00066 -0.00132 -0.00198 -0.00066 -0.00132 -0.00066 
1699174863879030            -0.00066 -0.00132 -0.00198 -0.00066 -0.00132 -0.00066 
1699174863886890            -0.00066 -0.00132 -0.00198 -0.00066 -0.00132 -0.00066 
1699174863942610            -0.00066 -0.00132 -0.00198 -0.00066 -0.00132 -0.00066 
1699174863997130            -0.00066 -0.00132 -0.00198 -0.00066 -0.00132 -0.00066 
1699174864009570            -0.00066 -0.00132 -0.00198 -0.00066 -0.00132 -0.00066 
1699174864031270            -0.00066 -0.00132 -0.00198 -0.00066 -0.00132 -0.00066 
1699174864041300            -0.00066 -0.00132 -0.00198 -0.00066 -0.00132 -0.00066 
1699174864057830            -0.00066 -0.00132 -0.00198 -0.00066 -0.00132 -0.00066 
1699174864094940            -0.00066 -0.00132 -0.00198 -0.00066 -0.00132 -0.00066 
1699174864103360            -0.00066 -0.00132 -0.00198 -0.00066 -0.00132 -0.00066 
1699174864112780            -0.00066 -0.00132 -0.00198 -0.00066 -0.00132 -0.00066 
1699174864115600            -0.00066 -0.00132 -0.00198 -0.00066 -0.00132 -0.00066 
1699174864130800            -0.00066 -0.00132 -0.00198 -0.00066 -0.00132 -0.00066 
1699174864186470            -0.00066 -0.00132 -0.00198 -0.00066 -0.00132 -0.00066 
1699174864195100            -0.00066 -0.00132 -0.00198 -0.00066 -0.00132 -0.00066 
1699174864206240            -0.00066 -0.00132 -0.00198 -0.00066 -0.00132 -0.00066 
1699174864225810            -0.00066 -0.00132 -0.00198 -0.00066 -0.00132 -0.00066 
1699174864242910            -0.00066 -0.00132 -0.00198 -0.00066 -0.00132 -0.00066 
1699174864243960            -0.00066 -0.00132 -0.00198 -0.00066 -0.00132 -0.00066 
1699174864264950            -0.00066 -0.00132 -0.00198 -0.00066 -0.00132 -0.00066 
1699174864282010            -0.00066 -0.00132 -0.00198 -0.00066 -0.00132 -0.00066 
1699174864283610            -0.00066 -0.00132 -0.00198 -0.00066 -0.00132 -0.00066 
1699174864300320            -0.00066 -0.00132 -0.00198 -0.00066 -0.00132 -0.00066 
1699174864317840            -0.00066 -0.00132 -0.00198 -0.00066 -0.00132 -0.00066 
1699174864338140            -0.00066 -0.00132 -0.00198 -0.00066 -0.00132 -0.00066 
1699174864362430            -0.00066 -0.00132 -0.00198 -0.00066 -0.00132 -0.00066 
1699174864363100            -0.00066 -0.00132 -0.00198 -0.00066 -0.00132 -0.00066 
1699174864383640            -0.00066 -0.00132 -0.00198 -0.00066 -0.00132 -0.00066 
1699174864397120            -0.00066 -0.00132 -0.00198 -0.00066 -0.00132 -0.00066 
1699174864408280            -0.00066 -0.00132 -0.00198 -0.00066 -0.00132 -0.00066 
1699174864422170            -0.00066 -0.00132 -0.00198 -0.00066 -0.00132 -0.00066 
1699174864424520            -0.00066 -0.00132 -0.00198 -0.00066 -0.00132 -0.00066 
1699174864438160            -0.00066 -0.00132 -0.00198 -0.00066 -0.00132 -0.00066 
1699174864450540            -0.00066 -0.00132 -0.00198 -0.00066 -0.00132 -0.00066 
1699174864460210            -0.00066 -0.00132 -0.00198 -0.00066 -0.00132 -0.00066 
1699174864464090            -0.00066 -0.00132 -0.00198 -0.00066 -0.00132 -0.00066 
1699174864481080            -0.00066 -0.00132 -0.00198 -0.00066 -0.00132 -0.00066 
1699174864484610            -0.00066 -0.00132 -0.00198 -0.00066 -0.00132 -0.00066 
1699174864492460            -0.00066 -0.00132 -0.00198 -0.00066 -0.00132 -0.00066 
1699174864508800            -0.00066 -0.00132 -0.00198 -0.00066 -0.00132 -0.00066 
1699174864512090            -0.00066 -0.00132 -0.00198 -0.00066 -0.00132 -0.00066 
1699174864530470            -0.00066 -0.00132 -0.00198 -0.00066 -0.00132 -0.00066 
1699174864533280            -0.00066 -0.00132 -0.00198 -0.00066 -0.00132 -0.00066 
1699174864550770            -0.00066 -0.00132 -0.00198 -0.00066 -0.00132 -0.00066 
1699174864557680            -0.00066 -0.00132 -0.00198 -0.00066 -0.00132 -0.00066 
1699174864565220            -0.00066 -1e-05 0 -0.00066 -0.00132 -0.00066 
1699174864580820            -0.00066 -0.00132 0 -0.00066 -0.00132 -0.00066 
1699174864584680            -0.00066 -0.00132 0 0.00015 2e-05 0.00015 
1699174864594470            -0.00066 -0.00132 0 -0.00066 -0.00132 -0.00066 
1699174864605110            -0.00066 -0.00132 -0.00198 -0.00066 -0.00132 -0.00066 
1699174864616880            -0.00066 -0.00132 -0.00198 -0.00066 -0.00132 1e-05 
1699174864621450            -0.00066 -0.00132 -0.00198 -0.00066 -0.00132 -0.00066 
1699174864639440            -0.00066 -0.00132 -0.00198 -0.00066 -0.00132 -0.00066 
1699174864645050            -0.00066 -0.00132 -0.00198 -0.00066 -0.00132 -0.00066 
1699174864657920            -0.00066 -0.00132 -0.00198 -0.00066 -0.00132 -0.00066 
1699174864662690            -0.00066 -0.00132 -0.00198 -0.00066 -0.00132 -0.00066 
1699174864676070            -0.00066 -0.00132 -0.00198 -0.00066 -0.00132 -0.00066 
1699174864685450            -0.00066 -0.00132 -0.00198 -0.00066 -0.00132 -0.00066 
1699174864699310            -0.00066 -0.00132 -0.00198 -0.00066 -0.00132 -0.00066 
1699174864708250            -0.00066 -0.00132 -0.00198 -0.00066 -0.00132 -0.00066 
1699174864712660            -0.00066 -0.00132 -0.00198 -0.00066 -0.00132 -0.00066 
1699174864728690            -0.00066 -0.00132 -0.00198 -0.00066 -0.00132 -0.00066 
1699174864738290               1e-05 1e-05 -0.00198 1e-05 -0.00132 0 
1699174864739890                   0 -0.00132 -0.00198 0 1e-05 1e-05 
1699174864756460            -0.00066 -0.00132 -0.00198 -0.00066 -0.00132 -0.00066 
1699174864763100            -0.00066 -0.00132 -0.00198 -0.00066 -0.00132 -0.00066 
1699174864769650            -0.00066 -0.00132 -0.00198 -0.00066 -0.00132 -0.00066 
1699174864786290            -0.00066 -0.00132 -0.00198 -0.00066 -0.00132 -0.00066 
1699174864798480            -0.00066 -0.00132 -0.00198 -0.00066 -0.00132 -0.00066 
1699174864807280            -0.00066 -0.00132 -0.00198 -0.00066 -0.00132 -0.00066 
1699174864809800            -0.00066 -0.00132 -0.00198 -0.00066 -0.00132 -0.00066 
1699174864822400            -0.00066 -0.00132 -0.00198 -0.00066 -0.00132 -0.00066 
1699174864838200            -0.00066 -0.00132 -0.00198 -0.00066 -0.00132 -0.00066 
1699174864842730            -0.00066 -0.00132 -0.00198 -0.00066 -0.00132 -0.00066 
1699174864856410            -0.00066 -0.00132 -0.00198 -0.00066 -0.00132 -0.00066 
1699174864866760            -0.00066 -0.00132 -0.00198 -0.00066 -0.00132 -0.00066 
1699174864877380            -0.00066 -0.00132 -0.00198 -0.00066 -0.00132 -0.00066 
1699174864879660            -0.00066 -0.00132 -0.00198 -0.00066 -0.00132 -0.00066 
1699174864892100            -0.00066 -0.00132 -0.00198 -0.00066 -0.00132 -0.00066 
1699174864902540            -0.00066 -0.00132 -0.00198 -0.00066 -0.00132 -0.00066 
1699174864911000            -0.00066 -0.00132 -0.00198 -0.00066 -0.00132 -0.00066 
1699174864920680            -0.00066 -0.00132 -0.00198 -0.00066 -0.00132 -0.00066 
1699174864932760            -0.00066 -0.00132 -0.00198 -0.00066 -0.00132 -0.00066 
1699174864943750            -0.00066 -0.00132 -0.00198 -0.00066 -0.00132 -0.00066 
1699174864950520            -0.00066 -0.00132 -0.00198 -0.00066 -0.00132 -0.00066 
1699174864962470            -0.00066 -0.00132 -0.00198 -0.00066 -0.00132 -0.00066 
1699174864976860            -0.00066 -0.00132 -0.00198 -0.00066 -0.00132 -0.00066 
1699174864987020            -0.00066 -0.00132 -0.00198 -0.00066 -0.00132 -0.00066 
1699174864992690            -0.00066 -0.00132 -0.00198 -0.00066 -0.00132 -0.00066 
1699174865005860            -0.00066 -0.00132 -0.00198 -0.00066 -0.00132 -0.00066 
1699174865009660            -0.00066 -0.00132 -0.00198 -0.00066 -0.00132 -0.00066 
1699174865018800            -0.00066 -0.00132 -0.00198 -0.00066 -0.00132 -0.00066 
1699174865036680            -0.00066 -0.00132 -0.00198 -0.00066 -0.00132 -0.00066 
1699174865039710            -0.00066 -0.00132 -0.00198 -0.00066 -0.00132 -0.00066 
1699174865055900            -0.00066 -0.00132 -0.00198 -0.00066 -0.00132 -0.00066 
1699174865063930            -0.00066 -0.00132 -0.00198 -0.00066 -0.00132 -0.00066 
1699174865069510            -0.00066 -0.00132 -0.00198 -0.00066 -0.00132 -0.00066 
1699174865086220            -0.00066 -0.00132 -0.00198 -0.00066 -0.00132 -0.00066 
1699174865088730            -0.00066 -0.00132 -0.00198 -0.00066 -0.00132 -0.00066 
1699174865105510            -0.00066 -0.00132 -0.00198 -0.00066 -0.00132 -0.00066 
1699174865107070            -0.00066 -0.00132 -0.00198 -0.00066 -0.00132 -0.00066 
1699174865123890            -0.00066 -0.00132 -0.00198 -0.00066 -0.00132 -0.00066 
1699174865128840            -0.00066 -0.00132 -0.00198 -0.00066 -0.00132 -0.00066 
1699174865151420            -0.00066 -0.00132 -0.00198 -0.00066 -0.00132 -0.00066 
1699174865164590            -0.00066 -0.00132 -0.00198 -0.00066 -0.00132 -0.00066 
1699174865170530            -0.00066 -0.00132 -0.00198 -0.00066 -0.00132 -0.00066 
1699174865182920            -0.00066 -0.00132 -0.00198 -0.00066 -0.00132 -0.00066 
1699174865189650            -0.00066 -0.00132 -0.00198 -0.00066 -0.00132 -0.00066 
1699174865208490            -0.00066 -0.00132 -0.00198 -0.00066 -0.00132 -0.00066 
1699174865222650            -0.00066 -0.00132 -0.00198 -0.00066 -0.00132 -0.00066 
1699174865227250            -0.00066 -0.00132 -0.00198 -0.00066 -0.00132 -0.00066 
1699174865241510            -0.00066 -0.00132 -0.00198 -0.00066 -0.00132 -0.00066 
1699174865249150            -0.00066 -0.00132 -0.00198 -0.00066 -0.00132 -0.00066 
1699174865275020            -0.00066 -0.00132 -0.00198 -0.00066 -0.00132 -0.00066 
1699174865275610               2e-05 0 1e-05 1e-05 0 1e-05 
1699174865290610            -0.00066 -0.00132 -0.00198 -0.00066 -0.00132 -0.00066 
1699174865302070            -0.00066 -0.00132 -0.00198 -0.00066 -0.00132 -0.00066 
1699174865306090            -0.00066 -0.00132 -0.00198 -0.00066 -0.00132 -0.00066 
1699174865334070            -0.00066 -0.00132 -0.00198 -0.00066 -0.00132 -0.00066 
1699174865342060            -0.00066 -0.00132 -0.00198 -0.00066 -0.00132 -0.00066 
1699174865358310            -0.00066 -0.00132 -0.00198 -0.00066 -0.00132 -0.00066 
1699174865370280            -0.00066 -0.00132 -0.00198 -0.00066 -0.00132 -0.00066 
1699174865382810            -0.00066 -0.00132 -0.00198 -0.00066 -0.00132 -0.00066 
1699174865385690            -0.00066 -0.00132 -0.00198 -0.00066 -0.00132 -0.00066 
1699174865411950            -0.00066 -0.00132 -0.00198 -0.00066 -0.00132 -0.00066 
1699174865418660            -0.00066 -0.00132 -0.00198 -0.00066 -0.00132 -0.00066 
1699174865448680            -0.00066 -0.00132 -0.00198 -0.00066 -0.00132 -0.00066 
1699174865463570            -0.00066 -0.00132 -0.00198 -0.00066 -0.00132 -0.00066 
1699174865503780            -0.00066 -0.00132 -0.00198 -0.00066 -0.00132 -0.00066 
1699174865519850            -0.00066 -0.00132 -0.00198 -0.00066 -0.00132 -0.00066 
1699174865552350            -0.00066 -0.00132 -0.00198 -0.00066 -0.00132 -0.00066 
1699174865554790            -0.00066 -0.00132 -0.00198 -0.00066 -0.00132 -0.00066 
1699174865573440            -0.00066 -0.00132 -0.00198 -0.00066 -0.00132 -0.00066 
1699174865584070            -0.00066 -0.00132 -0.00198 -0.00066 -0.00132 -0.00066 
1699174865604000            -0.00066 -0.00132 -0.00198 -0.00066 -0.00132 -0.00066 
1699174865622090            -0.00066 -0.00132 -0.00198 -0.00066 -0.00132 -0.00066 
1699174865627570            -0.00066 -0.00132 -0.00198 -0.00066 -0.00132 -0.00066 
1699174865647360            -0.00066 -0.00132 -0.00198 -0.00066 -0.00132 -0.00066 
1699174865668670            -0.00066 -0.00132 -0.00198 -0.00066 -0.00132 -0.00066 
1699174865693620            -0.00066 -0.00132 -0.00198 -0.00066 -0.00132 -0.00066 
1699174865708020            -0.00066 -0.00132 -0.00198 -0.00066 -0.00132 -0.00066 
1699174865717410            -0.00066 -0.00132 -0.00198 -0.00066 -0.00132 -0.00066 
1699174865731760            -0.00066 -0.00132 -0.00198 -0.00066 -0.00132 -0.00066 
1699174865733820            -0.00066 -0.00132 -0.00198 -0.00066 -0.00132 -0.00066 
1699174865748800            -0.00066 -0.00132 -0.00198 -0.00066 -0.00132 -0.00066 
1699174865760230            -0.00066 -0.00132 -0.00198 -0.00066 -0.00132 -0.00066 
1699174865790510            -0.00066 -0.00132 -0.00198 -0.00066 -0.00132 -0.00066 
1699174865794130            -0.00066 -0.00132 -0.00198 -0.00066 -0.00132 -0.00066 
1699174865812140            -0.00066 -0.00132 -0.00198 -0.00066 -0.00132 -0.00066 
1699174865830430            -0.00066 -0.00132 -0.00198 -0.00066 -0.00132 -0.00066 
1699174865851920            -0.00066 -0.00132 -0.00198 -0.00066 -0.00132 -0.00066 
1699174865867260            -0.00066 -0.00132 -0.00198 -0.00066 -0.00132 -0.00066 
1699174865882930            -0.00066 -0.00132 -0.00198 -0.00066 -0.00132 -0.00066 
1699174865905030            -0.00066 -0.00132 -0.00198 -0.00066 -0.00132 -0.00066 
1699174865924880            -0.00066 -0.00132 -0.00198 -0.00066 -0.00132 -0.00066 
1699174865939200            -0.00066 -0.00132 -0.00198 -0.00066 -0.00132 -0.00066 
1699174865943540            -0.00066 -0.00132 -0.00198 -0.00066 -0.00132 -0.00066 
1699174865958550            -0.00066 -0.00132 -0.00198 -0.00066 -0.00132 -0.00066 
1699174865960590            -0.00066 -0.00132 -0.00198 -0.00066 -0.00132 -0.00066 
1699174865984080            -0.00066 -0.00132 -0.00198 -0.00066 -0.00132 -0.00066 
1699174865997370            -0.00066 -0.00132 -0.00198 -0.00066 -0.00132 -0.00066 
1699174866009370            -0.00066 -0.00132 -0.00198 -0.00066 -0.00132 -0.00066 
1699174866027490            -0.00066 -0.00132 -0.00198 -0.00066 -0.00132 -0.00066 
1699174866031950            -0.00066 -0.00132 -0.00198 -0.00066 -0.00132 -0.00066 
1699174866056270            -0.00066 -0.00132 -0.00198 -0.00066 -0.00132 -0.00066 
1699174866063260            -0.00066 -0.00132 -0.00198 -0.00066 -0.00132 -0.00066 
1699174866076730            -0.00066 -0.00132 -0.00198 -0.00066 -0.00132 -0.00066 
1699174866086110            -0.00066 -0.00132 -0.00198 -0.00066 -0.00132 -0.00066 
1699174866094560            -0.00066 -0.00132 -0.00198 -0.00066 -0.00132 -0.00066 
1699174866105580            -0.00066 -0.00132 -0.00198 -0.00066 -0.00132 -0.00066 
1699174866108860            -0.00066 -0.00132 -0.00198 -0.00066 -0.00132 -0.00066 
1699174866128010            -0.00066 -0.00132 -0.00198 -0.00066 -0.00132 -0.00066 
1699174866132390            -0.00066 -0.00132 -0.00198 -0.00066 -0.00132 -0.00066 
1699174866142840            -0.00066 -0.00132 -0.00198 -0.00066 -0.00132 -0.00066 
1699174866156520            -0.00066 -0.00132 -0.00198 -0.00066 -0.00132 -0.00066 
1699174866162760            -0.00066 -0.00132 -0.00198 -0.00066 -0.00132 -0.00066 
1699174866172910            -0.00066 -0.00132 -0.00198 -0.00066 -0.00132 -0.00066 
1699174866185830            -0.00066 -0.00132 -0.00198 -0.00066 -0.00132 -0.00066 
1699174866195100            -0.00066 -0.00132 -0.00198 -0.00066 -0.00132 -0.00066 
1699174866199880            -0.00066 -0.00132 -0.00198 -0.00066 -0.00132 -0.00066 
1699174866223660            -0.00066 -0.00132 -0.00198 -0.00066 -0.00132 -0.00066 
1699174866237670            -0.00066 -0.00132 -0.00198 -0.00066 -0.00132 -0.00066 
1699174866240880            -0.00066 -0.00132 -0.00198 -0.00066 -0.00132 -0.00066 
1699174866248260            -0.00066 -0.00132 -0.00198 -0.00066 -0.00132 -0.00066 
1699174866261170            -0.00066 -0.00132 -0.00198 -0.00066 -0.00132 -0.00066 
1699174866280980            -0.00066 -0.00132 -0.00198 -0.00066 -0.00132 -0.00066 
1699174866289950            -0.00066 -0.00132 -0.00198 -0.00066 -0.00132 -0.00066 
1699174866299230            -0.00066 -0.00132 -0.00198 -0.00066 -0.00132 -0.00066 
1699174866307790            -0.00066 -0.00132 -0.00198 -0.00066 -0.00132 -0.00066 
1699174866324800            -0.00066 -0.00132 -0.00198 -0.00066 -0.00132 -0.00066 
1699174866331900            -0.00066 -0.00132 -0.00198 -0.00066 -0.00132 -0.00066 
1699174866345010            -0.00066 -0.00132 -0.00198 -0.00066 -0.00132 -0.00066 
1699174866347310            -0.00066 -0.00132 -0.00198 -0.00066 -0.00132 -0.00066 
1699174866360830            -0.00066 -0.00132 -0.00198 -0.00066 -0.00132 -0.00066 
1699174866366780            -0.00066 -0.00132 -0.00198 -0.00066 -0.00132 -0.00066 
1699174866384310            -0.00066 -0.00132 -0.00198 -0.00066 -0.00132 -0.00066 
1699174866389130            -0.00066 -0.00132 -0.00198 -0.00066 -0.00132 -0.00066 
1699174866401710            -0.00066 -0.00132 -0.00198 -0.00066 -0.00132 -0.00066 
1699174866407590            -0.00066 -0.00132 -0.00198 -0.00066 -0.00132 -0.00066 
1699174866417790            -0.00066 -0.00132 -0.00198 -0.00066 -0.00132 -0.00066 
1699174866433570            -0.00066 -0.00132 -0.00198 -0.00066 -0.00132 -0.00066 
1699174866436460            -0.00066 -0.00132 -0.00198 -0.00066 -0.00132 -0.00066 
1699174866453310            -0.00066 -0.00132 -0.00198 -0.00066 -0.00132 -0.00066 
1699174866459270            -0.00066 -0.00132 -0.00198 -0.00066 -0.00132 -0.00066 
1699174866468090            -0.00066 -0.00132 -0.00198 -0.00066 -0.00132 -0.00066 
1699174866480600            -0.00066 -0.00132 -0.00198 -0.00066 -0.00132 -0.00066 
1699174866489890            -0.00066 -0.00132 -0.00198 -0.00066 -0.00132 -0.00066 
1699174866511980            -0.00066 -0.00132 -0.00198 -0.00066 -0.00132 -0.00066 
1699174866518620            -0.00066 -0.00132 -0.00198 -0.00066 -0.00132 -0.00066 
1699174866534720            -0.00066 -0.00132 -0.00198 -0.00066 -0.00132 -0.00066 
1699174866539050            -0.00066 -0.00132 -0.00198 -0.00066 -0.00132 -0.00066 
1699174866548620            -0.00066 -0.00132 -0.00198 -0.00066 -0.00132 -0.00066 
1699174866556290            -0.00066 -0.00132 -0.00198 -0.00066 -0.00132 -0.00066 
1699174866573420            -0.00066 -0.00132 -0.00198 -0.00066 -0.00132 -0.00066 
1699174866580060            -0.00066 -0.00132 -0.00198 -0.00066 -0.00132 -0.00066 
1699174866592000            -0.00066 -0.00132 -0.00198 -0.00066 -0.00132 -0.00066 
1699174866601460            -0.00066 -0.00132 -0.00198 -0.00066 -0.00132 -0.00066 
1699174866606100            -0.00066 -0.00132 -0.00198 -0.00066 -0.00132 -0.00066 
1699174866616320            -0.00066 -0.00132 -0.00198 -0.00066 -0.00132 -0.00066 
1699174866634170            -0.00066 -0.00132 -0.00198 -0.00066 -0.00132 -0.00066 
1699174866637180            -0.00066 -0.00132 -0.00198 -0.00066 -0.00132 -0.00066 
1699174866650600            -0.00066 -0.00132 -0.00198 -0.00066 -0.00132 -0.00066 
1699174866659580            -0.00066 -0.00132 -0.00198 -0.00066 -0.00132 -0.00066 
1699174866672670            -0.00066 -0.00132 -0.00198 -0.00066 -0.00132 -0.00066 
1699174866675560            -0.00066 -0.00132 -0.00198 -0.00066 -0.00132 -0.00066 
1699174866693880            -0.00066 -0.00132 -0.00198 -0.00066 -0.00132 -0.00066 
1699174866694110            -0.00066 -0.00132 -0.00198 -0.00066 -0.00132 -0.00066 
1699174866712630            -0.00066 -0.00132 -0.00198 -0.00066 -0.00132 -0.00066 
1699174866713950            -0.00066 -0.00132 -0.00198 -0.00066 -0.00132 -0.00066 
1699174866729870            -0.00066 -0.00132 -0.00198 -0.00066 -0.00132 -0.00066 
1699174866735760            -0.00066 -0.00132 -0.00198 -0.00066 -0.00132 -0.00066 
1699174866759480            -0.00066 -0.00132 -0.00198 -0.00066 -0.00132 -0.00066 
1699174866773110            -0.00066 -0.00132 -0.00198 -0.00066 -0.00132 -0.00066 
1699174866774030            -0.00066 -0.00132 -0.00198 -0.00066 -0.00132 -0.00066 
1699174866789950            -0.00066 -0.00132 -0.00198 -0.00066 -0.00132 -0.00066 
1699174866804670            -0.00066 -0.00132 -0.00198 -0.00066 -0.00132 -0.00066 
1699174866815480            -0.00066 -0.00132 -0.00198 -0.00066 -0.00132 -0.00066 
1699174866827840            -0.00066 -0.00132 -0.00198 -0.00066 -0.00132 -0.00066 
1699174866836020            -0.00066 -0.00132 -0.00198 -0.00066 -0.00132 -0.00066 
1699174866850370            -0.00066 -0.00132 -0.00198 -0.00066 -0.00132 -0.00066 
1699174866855530            -0.00066 -0.00132 -0.00198 -0.00066 -0.00132 -0.00066 
1699174866864830            -0.00066 -0.00132 -0.00198 -0.00066 -0.00132 -0.00066 
1699174866882070            -0.00066 -0.00132 -0.00198 -0.00066 -0.00132 -0.00066 
1699174866888960            -0.00066 -0.00132 -0.00198 -0.00066 -0.00132 -0.00066 
1699174866894710            -0.00066 -0.00132 -0.00198 -0.00066 -0.00132 -0.00066 
1699174866909110            -0.00066 -0.00132 -0.00198 -0.00066 -0.00132 -0.00066 
1699174866915380            -0.00066 -0.00132 -0.00198 -0.00066 -0.00132 -0.00066 
1699174866931810            -0.00066 -0.00132 -0.00198 -0.00066 -0.00132 -0.00066 
1699174866934640            -0.00066 -0.00132 -0.00198 -0.00066 -0.00132 -0.00066 
1699174866949610            -0.00066 -0.00132 -0.00198 -0.00066 -0.00132 -0.00066 
1699174866961810            -0.00066 -0.00132 -0.00198 -0.00066 -0.00132 -0.00066 
1699174866970450            -0.00066 -0.00132 -0.00198 -0.00066 -0.00132 -0.00066 
1699174866979940            -0.00066 -0.00132 -0.00198 -0.00066 -0.00132 -0.00066 
1699174866982030            -0.00066 -0.00132 -0.00198 -0.00066 -0.00132 -0.00066 
1699174866996970            -0.00066 -0.00132 -0.00198 -0.00066 -0.00132 -0.00066 
1699174867002080            -0.00066 -0.00132 -0.00198 -0.00066 -0.00132 -0.00066 
1699174867014760            -0.00066 -0.00132 -0.00198 -0.00066 -0.00132 -0.00066 
1699174867027560            -0.00066 -0.00132 -0.00198 -0.00066 -0.00132 -0.00066 
1699174867037740            -0.00066 -0.00132 -0.00198 -0.00066 -0.00132 -0.00066 
1699174867059800            -0.00066 -0.00132 -0.00198 -0.00066 -0.00132 -0.00066 
1699174867062800            -0.00066 -0.00132 -0.00198 -0.00066 -0.00132 -0.00066 
1699174867073120            -0.00066 -0.00132 -0.00198 -0.00066 -0.00132 -0.00066 
1699174867087760            -0.00066 -0.00132 -0.00198 -0.00066 -0.00132 -0.00066 
1699174867093870            -0.00066 -0.00132 -0.00198 -0.00066 -0.00132 -0.00066 
1699174867107270            -0.00066 -0.00132 -0.00198 -0.00066 -0.00132 -0.00066 
1699174867113510            -0.00066 -0.00132 -0.00198 -0.00066 -0.00132 -0.00066 
1699174867134080            -0.00066 -0.00132 -0.00198 -0.00066 -0.00132 -0.00066 
1699174867153980            -0.00066 -0.00132 -0.00198 -0.00066 -0.00132 -0.00066 
1699174867168820            -0.00066 -0.00132 -0.00198 -0.00066 -0.00132 -0.00066 
1699174867170360            -0.00066 -0.00132 -0.00198 -0.00066 -0.00132 -0.00066 
1699174867183350            -0.00066 -0.00132 -0.00198 -0.00066 -0.00132 -0.00066 
1699174867193400            -0.00066 -0.00132 -0.00198 -0.00066 -0.00132 -0.00066 
1699174867216180            -0.00066 -0.00132 -0.00198 -0.00066 -0.00132 -0.00066 
1699174867227090            -0.00066 -0.00132 -0.00198 -0.00066 -0.00132 -0.00066 
1699174867231930            -0.00066 -0.00132 -0.00198 -0.00066 -0.00132 -0.00066 
1699174867249400            -0.00066 -0.00132 -0.00198 -0.00066 -0.00132 -0.00066 
1699174867270950            -0.00066 -0.00132 -0.00198 -0.00066 -0.00132 -0.00066 
1699174867288920            -0.00066 -0.00132 -0.00198 -0.00066 -0.00132 -0.00066 
1699174867297130            -0.00066 -0.00132 -0.00198 -0.00066 -0.00132 -0.00066 
1699174867302450            -0.00066 -0.00132 -0.00198 -0.00066 -0.00132 -0.00066 
1699174867312070            -0.00066 -0.00132 -0.00198 -0.00066 -0.00132 -0.00066 
1699174867324700            -0.00066 -0.00132 -0.00198 -0.00066 -0.00132 -0.00066 
1699174867340000            -0.00066 -0.00132 -0.00198 -0.00066 -0.00132 -0.00066 
1699174867358220            -0.00066 -0.00132 -0.00198 -0.00066 -0.00132 -0.00066 
1699174867361210            -0.00066 -0.00132 -0.00198 -0.00066 -0.00132 -0.00066 
1699174867396440            -0.00066 -0.00132 -0.00198 -0.00066 -0.00132 -0.00066 
1699174867403690            -0.00066 -0.00132 -0.00198 -0.00066 -0.00132 -0.00066 
1699174867416850            -0.00066 -0.00132 -0.00198 -0.00066 -0.00132 -0.00066 
1699174867426420            -0.00066 -0.00132 -0.00198 -0.00066 -0.00132 -0.00066 
1699174867429290            -0.00066 -0.00132 -0.00198 -0.00066 -0.00132 -0.00066 
1699174867442020            -0.00066 -0.00132 -0.00198 -0.00066 -0.00132 -0.00066 
1699174867450200            -0.00066 -0.00132 -0.00198 -0.00066 -0.00132 -0.00066 
1699174867477520            -0.00066 -0.00132 -0.00198 -0.00066 -0.00132 -0.00066 
1699174867483180            -0.00066 -0.00132 -0.00198 -0.00066 -0.00132 -0.00066 
1699174867489340            -0.00066 -0.00132 -0.00198 -0.00066 -0.00132 -0.00066 
1699174867505610            -0.00066 -0.00132 -0.00198 -0.00066 -0.00132 -0.00066 
1699174867515430            -0.00066 -0.00132 -0.00198 -0.00066 -0.00132 -0.00066 
1699174867524550            -0.00066 -0.00132 -0.00198 -0.00066 -0.00132 -0.00066 
1699174867537870            -0.00066 -0.00132 -0.00198 -0.00066 -0.00132 -0.00066 
1699174867548370            -0.00066 -0.00132 -0.00198 -0.00066 -0.00132 -0.00066 
1699174867561160            -0.00066 -0.00132 -0.00198 -0.00066 -0.00132 -0.00066 
1699174867576210            -0.00066 -0.00132 -0.00198 -0.00066 -0.00132 -0.00066 
1699174867580580            -0.00066 -0.00132 -0.00198 -0.00066 -0.00132 -0.00066 
1699174867596190            -0.00066 -0.00132 -0.00198 -0.00066 -0.00132 -0.00066 
1699174867598100            -0.00066 -0.00132 -0.00198 -0.00066 -0.00132 -0.00066 
1699174867614460            -0.00066 -0.00132 -0.00198 -0.00066 -0.00132 -0.00066 
1699174867620750            -0.00066 -0.00132 -0.00198 -0.00066 -0.00132 -0.00066 
1699174867628400            -0.00066 -0.00132 -0.00198 -0.00066 -0.00132 -0.00066 
1699174867645600            -0.00066 -0.00132 -0.00198 -0.00066 -0.00132 -0.00066 
1699174867653980            -0.00066 -0.00132 -0.00198 -0.00066 -0.00132 -0.00066 
1699174867657850            -0.00066 0 2e-05 -2e-05 0 2e-05 
1699174867674650            -0.00066 -0.00132 -0.00198 -0.00066 -0.00132 -0.00066 
1699174867681030            -0.00066 -0.00132 -0.00198 -0.00066 -0.00132 -0.00066 
1699174867699060            -0.00066 -0.00132 -0.00198 -0.00066 -0.00132 -0.00066 
1699174867714990            -0.00066 -0.00132 -0.00198 -0.00066 -0.00132 -0.00066 
1699174867725960            -0.00066 -0.00132 -0.00198 -0.00066 -0.00132 -0.00066 
1699174867736820            -0.00066 -0.00132 -0.00198 -0.00066 -0.00132 -0.00066 
1699174867771430            -0.00066 -0.00132 -0.00198 -0.00066 -0.00132 -0.00066 
1699174867792210            -0.00066 -0.00132 -0.00198 -0.00066 -0.00132 -0.00066 
1699174867802170            -0.00066 -0.00132 -0.00198 -0.00066 -0.00132 -0.00066 
1699174867823830            -0.00066 -0.00132 -0.00198 -0.00066 -0.00132 -0.00066 
1699174867826530            -0.00066 -0.00132 -0.00198 -0.00066 -0.00132 -0.00066 
1699174867839730            -0.00066 -0.00132 -0.00198 -0.00066 -0.00132 -0.00066 
1699174867846550            -0.00066 -0.00132 -0.00198 -0.00066 -0.00132 -0.00066 
1699174867871750            -0.00066 -0.00132 -0.00198 -0.00066 -0.00132 -0.00066 
1699174867879090            -0.00066 -0.00132 -0.00198 -0.00066 -0.00132 -0.00066 
1699174867893380            -0.00066 -0.00132 -0.00198 -0.00066 -0.00132 -0.00066 
1699174867919460            -0.00066 -0.00132 -0.00198 -0.00066 -0.00132 -0.00066 
1699174867932130            -0.00066 -0.00132 -0.00198 -0.00066 -0.00132 -0.00066 
1699174867934380            -0.00066 -0.00132 -0.00198 -0.00066 -0.00132 -0.00066 
1699174867960980            -0.00066 -0.00132 -0.00198 -0.00066 -0.00132 -0.00066 
1699174867979600            -0.00066 -0.00132 -0.00198 -0.00066 -0.00132 -0.00066 
1699174868012270            -0.00066 -0.00132 -0.00198 -0.00066 -0.00132 -0.00066 
1699174868020850            -0.00066 -0.00132 -0.00198 -0.00066 -0.00132 -0.00066 
1699174868059550            -0.00066 -0.00132 -0.00198 -0.00066 -0.00132 -0.00066 
1699174868074740            -0.00066 -0.00132 -0.00198 -0.00066 -0.00132 -0.00066 
1699174868090770            -0.00066 -0.00132 -0.00198 -0.00066 -0.00132 -0.00066 
1699174868101110            -0.00066 -0.00132 -0.00198 -0.00066 -0.00132 -0.00066 
1699174868103770            -0.00066 -0.00132 -0.00198 -0.00066 -0.00132 -0.00066 
1699174868129510            -0.00066 -0.00132 -0.00198 -0.00066 -0.00132 -0.00066 
1699174868136760            -0.00066 -0.00132 -0.00198 -0.00066 -0.00132 -0.00066 
1699174868182190            -0.00066 -0.00132 -0.00198 -0.00066 -0.00132 -0.00066 
1699174868204520            -0.00066 -0.00132 -0.00198 -0.00066 -0.00132 -0.00066 
1699174868212740            -0.00066 -0.00132 -0.00198 -0.00066 -0.00132 -0.00066 
1699174868242730            -0.00066 -0.00132 -0.00198 -0.00066 -0.00132 -0.00066 
1699174868252150            -0.00066 -0.00132 -0.00198 -0.00066 -0.00132 -0.00066 
1699174868270660            -0.00066 -0.00132 -0.00198 -0.00066 -0.00132 -0.00066 
1699174868286270            -0.00066 -0.00132 -0.00198 -0.00066 -0.00132 -0.00066 
1699174868297850            -0.00066 -0.00132 -0.00198 -0.00066 -0.00132 -0.00066 
1699174868303240            -0.00066 -0.00132 -0.00198 -0.00066 -0.00132 -0.00066 
1699174868319840            -0.00066 -0.00132 -0.00198 -0.00066 -0.00132 -0.00066 
1699174868323020            -0.00066 -0.00132 -0.00198 -0.00066 -0.00132 -0.00066 
1699174868334950            -0.00066 -0.00132 -0.00198 -0.00066 -0.00132 -0.00066 
1699174868344840            -0.00066 -0.00132 -0.00198 -0.00066 -0.00132 -0.00066 
1699174868358780            -0.00066 -0.00132 -0.00198 -0.00066 -0.00132 -0.00066 
1699174868393680            -0.00066 -0.00132 -0.00198 -0.00066 -0.00132 -0.00066 
1699174868403190            -0.00066 -0.00132 -0.00198 -0.00066 -0.00132 -0.00066 
1699174868429190            -0.00066 -0.00132 -0.00198 -0.00066 -0.00132 -0.00066 
1699174868449130            -0.00066 -0.00132 -0.00198 -0.00066 -0.00132 -0.00066 
1699174868483120            -0.00066 -0.00132 -0.00198 -0.00066 -0.00132 -0.00066 
1699174868499020            -0.00066 -0.00132 -0.00198 -0.00066 -0.00132 -0.00066 
1699174868526050            -0.00066 -0.00132 -0.00198 -0.00066 -0.00132 -0.00066 
1699174868545930            -0.00066 -0.00132 -0.00198 -0.00066 -0.00132 -0.00066 
1699174868555710            -0.00066 -0.00132 -0.00198 -0.00066 -0.00132 -0.00066 
1699174868568090            -0.00066 -0.00132 -0.00198 -0.00066 -0.00132 -0.00066 
1699174868571690            -0.00066 -0.00132 -0.00198 -0.00066 -0.00132 -0.00066 
1699174868604370            -0.00066 -0.00132 -0.00198 -0.00066 -0.00132 -0.00066 
1699174868612160            -0.00066 -0.00132 -0.00198 -0.00066 -0.00132 -0.00066 
1699174868629060            -0.00066 -0.00132 -0.00198 -0.00066 -0.00132 -0.00066 
1699174868643800            -0.00066 -0.00132 -0.00198 -0.00066 -0.00132 -0.00066 
1699174868670220            -0.00066 -0.00132 -0.00198 -0.00066 -0.00132 -0.00066 
1699174868700890            -0.00066 -0.00132 -0.00198 -0.00066 -0.00132 -0.00066 
1699174868712340            -0.00066 -0.00132 -0.00198 -0.00066 -0.00132 -0.00066 
1699174868723610            -0.00066 -0.00132 -0.00198 -0.00066 -0.00132 -0.00066 
1699174868776930            -0.00066 -0.00132 -0.00198 -0.00066 -0.00132 -0.00066 
1699174868780340            -0.00066 -0.00132 -0.00198 -0.00066 -0.00132 -0.00066 
1699174868793400            -0.00066 -0.00132 -0.00198 -0.00066 -0.00132 -0.00066 
1699174868798960            -0.00066 -0.00132 -0.00198 -0.00066 -0.00132 -0.00066 
1699174868813420            -0.00066 -0.00132 -0.00198 -0.00066 -0.00132 -0.00066 
1699174868826150            -0.00066 -0.00132 -0.00198 -0.00066 -0.00132 -0.00066 
1699174868828070            -0.00066 -0.00132 -0.00198 -0.00066 -0.00132 -0.00066 
1699174868843380            -0.00066 -0.00132 -0.00198 -0.00066 -0.00132 -0.00066 
1699174868849990            -0.00066 -0.00132 -0.00198 -0.00066 -0.00132 -0.00066 
1699174868867850            -0.00066 -0.00132 -0.00198 -0.00066 -0.00132 -0.00066 
1699174868894180            -0.00066 -0.00132 -0.00198 -0.00066 -0.00132 -0.00066 
1699174868924140            -0.00066 -0.00132 -0.00198 -0.00066 -0.00132 -0.00066 
1699174868944460            -0.00066 -0.00132 -0.00198 -0.00066 -0.00132 -0.00066 
1699174868946760            -0.00066 -0.00132 -0.00198 -0.00066 -0.00132 -0.00066 
1699174868982140            -0.00066 -0.00132 -0.00198 -0.00066 -0.00132 -0.00066 
1699174869000180            -0.00066 -0.00132 -0.00198 -0.00066 -0.00132 -0.00066 
1699174869009120            -0.00066 -0.00132 -0.00198 -0.00066 -0.00132 -0.00066 
1699174869024270            -0.00066 -0.00132 -0.00198 -0.00066 -0.00132 -0.00066 
1699174869027480            -0.00066 -0.00132 -0.00198 -0.00066 -0.00132 -0.00066 
1699174869075510            -0.00066 -0.00132 -0.00198 -0.00066 -0.00132 -0.00066 
1699174869096490            -0.00066 -0.00132 -0.00198 -0.00066 -0.00132 -0.00066 
1699174869109320            -0.00066 -0.00132 -0.00198 -0.00066 -0.00132 -0.00066 
1699174869119450            -0.00066 -0.00132 -0.00198 -0.00066 -0.00132 -0.00066 
1699174869134750            -0.00066 -0.00132 -0.00198 -0.00066 -0.00132 -0.00066 
1699174869154530            -0.00066 -0.00132 -0.00198 -0.00066 -0.00132 -0.00066 
1699174869173530            -0.00066 -0.00132 -0.00198 -0.00066 -0.00132 -0.00066 
1699174869176350            -0.00066 -0.00132 -0.00198 -0.00066 -0.00132 -0.00066 
1699174869186900            -0.00066 -0.00132 -0.00198 -0.00066 -0.00132 -0.00066 
1699174869211490            -0.00066 -0.00132 -0.00198 -0.00066 -0.00132 -0.00066 
1699174869231720            -0.00066 -0.00132 -0.00198 -0.00066 -0.00132 -0.00066 
1699174869239550            -0.00066 -0.00132 -0.00198 -0.00066 -0.00132 -0.00066 
1699174869268060            -0.00066 -0.00132 -0.00198 -0.00066 -0.00132 -0.00066 
1699174869288040            -0.00066 -0.00132 -0.00198 -0.00066 -0.00132 -0.00066 
1699174869295900            -0.00066 -0.00132 -0.00198 -0.00066 -0.00132 -0.00066 
1699174869321290            -0.00066 -0.00132 -0.00198 -0.00066 -0.00132 -0.00066 
1699174869323190            -0.00066 -0.00132 -0.00198 -0.00066 -0.00132 -0.00066 
1699174869337460            -0.00066 -0.00132 -0.00198 -0.00066 -0.00132 -0.00066 
1699174869346720            -0.00066 -0.00132 -0.00198 -0.00066 -0.00132 -0.00066 
1699174869358610            -0.00066 -0.00132 -0.00198 -0.00066 -0.00132 -0.00066 
1699174869368490            -0.00066 -0.00132 -0.00198 -0.00066 -0.00132 -0.00066 
1699174869374070            -0.00066 -0.00132 -0.00198 -0.00066 -0.00132 -0.00066 
1699174869386880            -0.00066 -0.00132 -0.00198 -0.00066 -0.00132 -0.00066 
1699174869402200            -0.00066 -0.00132 -0.00198 -0.00066 -0.00132 -0.00066 
1699174869421480            -0.00066 -0.00132 -0.00198 -0.00066 -0.00132 -0.00066 
1699174869434840            -0.00066 -0.00132 -0.00198 -0.00066 -0.00132 -0.00066 
1699174869458000            -0.00066 -0.00132 -0.00198 -0.00066 -0.00132 -0.00066 
1699174869462150            -0.00066 -0.00132 -0.00198 -0.00066 -0.00132 -0.00066 
1699174869476030            -0.00066 -0.00132 -0.00198 -0.00066 -0.00132 -0.00066 
1699174869489320            -0.00066 -0.00132 -0.00198 -0.00066 -0.00132 -0.00066 
1699174869500820            -0.00066 -0.00132 -0.00198 -0.00066 -0.00132 -0.00066 
1699174869506740            -0.00066 -0.00132 -0.00198 -0.00066 -0.00132 -0.00066 
1699174869519790            -0.00066 -0.00132 -0.00198 -0.00066 -0.00132 -0.00066 
1699174869534150            -0.00066 -0.00132 -0.00198 -0.00066 -0.00132 -0.00066 
1699174869548640            -0.00066 -0.00132 -0.00198 -0.00066 -0.00132 -0.00066 
1699174869551490            -0.00066 -0.00132 -0.00198 -0.00066 -0.00132 -0.00066 
1699174869566510            -0.00066 -0.00132 -0.00198 -0.00066 -0.00132 -0.00066 
1699174869593320            -0.00066 -0.00132 -0.00198 -0.00066 -0.00132 -0.00066 
1699174869609260            -0.00066 -0.00132 -0.00198 -0.00066 -0.00132 -0.00066 
1699174869625980            -0.00066 -0.00132 -0.00198 -0.00066 -0.00132 -0.00066 
1699174869655810            -0.00066 -0.00132 -0.00198 -0.00066 -0.00132 -0.00066 
1699174869667830            -0.00066 -0.00132 -0.00198 -0.00066 -0.00132 -0.00066 
1699174869676290            -0.00066 -0.00132 -0.00198 -0.00066 -0.00132 -0.00066 
1699174869698990            -0.00066 -0.00132 -0.00198 -0.00066 -0.00132 -0.00066 
1699174869715870            -0.00066 -0.00132 -0.00198 -0.00066 -0.00132 -0.00066 
1699174869726770            -0.00066 -0.00132 -0.00198 -0.00066 -0.00132 -0.00066 
1699174869739360            -0.00066 -0.00132 -0.00198 -0.00066 -0.00132 -0.00066 
1699174869764740            -0.00066 -0.00132 -0.00198 -0.00066 -0.00132 -0.00066 
1699174869783920            -0.00066 -0.00132 -0.00198 -0.00066 -0.00132 -0.00066 
1699174869797810            -0.00066 -0.00132 -0.00198 -0.00066 -0.00132 -0.00066 
1699174869801340            -0.00066 -0.00132 -0.00198 -0.00066 -0.00132 -0.00066 
1699174869813780            -0.00066 -0.00132 -0.00198 -0.00066 -0.00132 -0.00066 
1699174869850210            -0.00066 -0.00132 -0.00198 -0.00066 -0.00132 -0.00066 
1699174869869580            -0.00066 -0.00132 -0.00198 -0.00066 -0.00132 -0.00066 
1699174869889540            -0.00066 -0.00132 -0.00198 -0.00066 -0.00132 -0.00066 
1699174869902860            -0.00066 -0.00132 -0.00198 -0.00066 -0.00132 -0.00066 
1699174869916040            -0.00066 -0.00132 -0.00198 -0.00066 -0.00132 -0.00066 
1699174869932530            -0.00066 -0.00132 -0.00198 -0.00066 -0.00132 -0.00066 
1699174869942040            -0.00066 -0.00132 -0.00198 -0.00066 -0.00132 -0.00066 
1699174869958510            -0.00066 -0.00132 -0.00198 -0.00066 -0.00132 -0.00066 
1699174869978450            -0.00066 -0.00132 -0.00198 -0.00066 -0.00132 -0.00066 
1699174869993600            -0.00066 -0.00132 -0.00198 -0.00066 -0.00132 -0.00066 
1699174870010220            -0.00066 -0.00132 -0.00198 -0.00066 -0.00132 -0.00066 
1699174870025900            -0.00066 -0.00132 -0.00198 -0.00066 -0.00132 -0.00066 
1699174870032650            -0.00066 -0.00132 -0.00198 -0.00066 -0.00132 -0.00066 
1699174870046660            -0.00066 -0.00132 -0.00198 -0.00066 -0.00132 -0.00066 
1699174870055660            -0.00066 -0.00132 -0.00198 -0.00066 -0.00132 -0.00066 
1699174870059940            -0.00066 -0.00132 -0.00198 -0.00066 -0.00132 -0.00066 
1699174870070090            -0.00066 -0.00132 -0.00198 -0.00066 -0.00132 -0.00066 
1699174870078090            -0.00066 -0.00132 -0.00198 -0.00066 -0.00132 -0.00066 
1699174870087150            -0.00066 -0.00132 -0.00198 -0.00066 -0.00132 -0.00066 
1699174870098040            -0.00066 -0.00132 -0.00198 -0.00066 -0.00132 -0.00066 
1699174870111860            -0.00066 -0.00132 -0.00198 -0.00066 -0.00132 -0.00066 
1699174870118550            -0.00066 -0.00132 -0.00198 -0.00066 -0.00132 -0.00066 
1699174870133390            -0.00066 -0.00132 -0.00198 -0.00066 -0.00132 -0.00066 
1699174870139670            -0.00066 -0.00132 -0.00198 -0.00066 -0.00132 -0.00066 
1699174870170220            -0.00066 -0.00132 -0.00198 -0.00066 -0.00132 -0.00066 
1699174870191160            -0.00066 -0.00132 -0.00198 -0.00066 -0.00132 -0.00066 
1699174870198520            -0.00066 -0.00132 -0.00198 -0.00066 -0.00132 -0.00066 
1699174870224810            -0.00066 -0.00132 -0.00198 -0.00066 -0.00132 -0.00066 
1699174870226490            -0.00066 -0.00132 -0.00198 -0.00066 -0.00132 -0.00066 
1699174870235860            -0.00066 -0.00132 -0.00198 -0.00066 -0.00132 -0.00066 
1699174870261610            -0.00066 -0.00132 -0.00198 -0.00066 -0.00132 -0.00066 
1699174870271960            -0.00066 -0.00132 -0.00198 -0.00066 -0.00132 -0.00066 
1699174870276160            -0.00066 -0.00132 -0.00198 -0.00066 -0.00132 -0.00066 
1699174870301840            -0.00066 -0.00132 -0.00198 -0.00066 -0.00132 -0.00066 
1699174870311430            -0.00066 -0.00132 -0.00198 -0.00066 -0.00132 -0.00066 
1699174870338020            -0.00066 -0.00132 -0.00198 -0.00066 -0.00132 -0.00066 
1699174870348210            -0.00066 -0.00132 -0.00198 -0.00066 -0.00132 -0.00066 
1699174870354920            -0.00066 -0.00132 -0.00198 -0.00066 -0.00132 -0.00066 
1699174870385890            -0.00066 -0.00132 -0.00198 -0.00066 -0.00132 -0.00066 
1699174870401250            -0.00066 -0.00132 -0.00198 -0.00066 -0.00132 -0.00066 
1699174870411020            -0.00066 -0.00132 -0.00198 -0.00066 -0.00132 -0.00066 
1699174870415590            -0.00066 -0.00132 -0.00198 -0.00066 -0.00132 -0.00066 
1699174870439790            -0.00066 -0.00132 -0.00198 -0.00066 -0.00132 -0.00066 
1699174870444710            -0.00066 -0.00132 -0.00198 -0.00066 -0.00132 -0.00066 
1699174870461700            -0.00066 -0.00132 -0.00198 -0.00066 -0.00132 -0.00066 
1699174870478350            -0.00066 -0.00132 -0.00198 -0.00066 -0.00132 -0.00066 
1699174870492590            -0.00066 -0.00132 -0.00198 -0.00066 -0.00132 -0.00066 
1699174870503110            -0.00066 -0.00132 -0.00198 -0.00066 -0.00132 -0.00066 
1699174870509170            -0.00066 -0.00132 -0.00198 -0.00066 -0.00132 -0.00066 
1699174870521810            -0.00066 -0.00132 -0.00198 -0.00066 -0.00132 -0.00066 
1699174870527070            -0.00066 -0.00132 -0.00198 -0.00066 -0.00132 -0.00066 
1699174870535440            -0.00066 -0.00132 -0.00198 -0.00066 -0.00132 -0.00066 
1699174870549400            -0.00066 -0.00132 -0.00198 -0.00066 -0.00132 -0.00066 
1699174870554120            -0.00066 -0.00132 -0.00198 -0.00066 -0.00132 -0.00066 
1699174870570880            -0.00066 -0.00132 -0.00198 -0.00066 -0.00132 -0.00066 
1699174870577350            -0.00066 -0.00132 -0.00198 -0.00066 -0.00132 -0.00066 
1699174870583360            -0.00066 -0.00132 -0.00198 -0.00066 -0.00132 -0.00066 
1699174870599100            -0.00066 -0.00132 -0.00198 -0.00066 -0.00132 -0.00066 
1699174870608370            -0.00066 -0.00132 -0.00198 -0.00066 -0.00132 -0.00066 
1699174870619370            -0.00066 -0.00132 -0.00198 -0.00066 -0.00132 -0.00066 
1699174870624920            -0.00066 -0.00132 0 -0.00066 -0.00132 2e-05 
1699174870632870               2e-05 -0.00132 0 -0.00066 -1e-05 -0.00066 
1699174870651170            -0.00066 -0.00132 -0.00198 -0.00066 -0.00132 -0.00066 
1699174870653510            -0.00066 -0.00132 -0.00198 -0.00066 -0.00132 -0.00066 
1699174870671850            -0.00066 -0.00132 -0.00198 -0.00066 -0.00132 -0.00066 
1699174870673110            -0.00066 -0.00132 -0.00198 -0.00066 -0.00132 -0.00066 
1699174870686550            -0.00066 -0.00132 0 -0.00066 -0.00132 -0.00066 
1699174870695970            -0.00066 -0.00132 0 -0.00066 -0.00132 -0.00066 
1699174870704370            -0.00066 -0.00132 -0.00198 -0.00066 -0.00132 -0.00066 
1699174870715080            -0.00066 -0.00132 -0.00198 -0.00066 -0.00132 -0.00066 
1699174870731400            -0.00066 0 -0.00198 -0.00066 -0.00132 -0.00066 
1699174870731560              -1e-05 -0.00132 -1e-05 -0.00066 -0.00132 -0.00066 
1699174870744400            -0.00066 -0.00132 -0.00198 -0.00066 -0.00132 -0.00066 
1699174870752340            -0.00066 -0.00132 -0.00198 -0.00066 -0.00132 -0.00066 
1699174870761310            -0.00066 -0.00132 -0.00198 -0.00066 -0.00132 -0.00066 
1699174870777970            -0.00066 -0.00132 -0.00198 -0.00066 -0.00132 -0.00066 
1699174870781630            -0.00066 -0.00132 -0.00198 -0.00066 0 -0.00066 
1699174870799470                   0 -0.00132 -0.00198 -0.00066 -0.00132 -0.00066 
1699174870805030               1e-05 1e-05 -0.00198 1e-05 -0.00132 0 
1699174870811510                   0 1e-05 -2e-05 -0.00066 1e-05 0 
1699174870827160            -0.00066 -0.00132 -0.00198 -0.00066 -0.00132 -0.00066 
1699174870838090            -0.00066 -0.00132 -0.00198 -0.00066 -0.00132 -0.00066 
1699174870845540            -0.00066 -0.00132 -0.00198 -0.00066 -0.00132 -0.00066 
1699174870854910            -0.00066 -0.00132 -0.00198 -0.00066 -0.00132 -0.00066 
1699174870868040            -0.00066 -0.00132 -0.00198 -0.00066 -0.00132 -0.00066 
1699174870877700            -0.00066 -0.00132 -0.00198 -0.00066 -0.00132 -0.00066 
1699174870887150            -0.00066 -0.00132 -0.00198 -0.00066 -0.00132 -0.00066 
1699174870891600            -0.00066 -0.00132 -0.00198 -0.00066 -0.00132 -0.00066 
1699174870900260            -0.00066 -0.00132 -0.00198 -0.00066 -0.00132 -0.00066 
1699174870916220            -0.00066 -0.00132 -0.00198 -0.00066 -0.00132 -0.00066 
1699174870922700            -0.00066 -0.00132 -0.00198 -0.00066 -0.00132 -0.00066 
1699174870938980            -0.00066 -0.00132 -0.00198 -0.00066 -0.00132 -0.00066 
1699174870940310            -0.00066 -0.00132 -0.00198 -0.00066 -0.00132 -0.00066 
1699174870950140            -0.00066 -0.00132 -0.00198 -0.00066 -0.00132 -0.00066 
1699174870962680            -0.00066 -0.00132 -0.00198 -0.00066 -0.00132 -0.00066 
1699174870970200            -0.00066 -0.00132 -0.00198 -0.00066 -0.00132 -0.00066 
1699174870982110            -0.00066 -0.00132 -0.00198 -0.00066 -0.00132 -0.00066 
1699174870989510            -0.00066 -0.00132 -0.00198 -0.00066 -0.00132 -0.00066 
1699174871008630             -0.0006 -0.0012 -0.0018 -0.0006 -0.0012 -0.0006 
1699174871010650             -0.0006 -0.0012 -0.0018 -0.0006 -0.0012 -0.0006 
1699174871028470             -0.0006 -0.0012 -0.0018 -0.0006 -0.0012 -0.0006 
1699174871045910             -0.0006 -0.0012 -0.0018 -0.0006 -0.0012 -0.0006 
1699174871049630             -0.0006 -0.0012 -0.0018 -0.0006 -0.0012 -0.0006 
1699174871064630             -0.0006 -0.0012 -0.0018 -0.0006 -0.0012 -0.0006 
1699174871074780             -0.0006 -0.0012 -0.0018 -0.0006 -0.0012 -0.0006 
1699174871086900             -0.0006 -0.0012 -0.0018 -0.0006 -0.0012 -0.0006 
1699174871089280             -0.0006 -0.0012 -0.0018 -0.0006 -0.0012 -0.0006 
1699174871099170             -0.0006 -0.0012 -0.0018 -0.0006 -0.0012 -0.0006 
1699174871113750             -0.0006 -0.0012 -0.0018 -0.0006 -0.0012 -0.0006 
1699174871126390             -0.0006 -0.0012 -0.0018 -0.0006 -0.0012 -0.0006 
1699174871134260             -0.0006 -0.0012 -0.0018 -0.0006 -0.0012 -0.0006 
1699174871139190             -0.0006 -0.0012 -0.0018 -0.0006 -0.0012 -0.0006 
1699174871156310             -0.0006 -0.0012 -0.0018 -0.0006 -0.0012 -0.0006 
1699174871161750             -0.0006 -0.0012 -0.0018 -0.0006 -0.0012 -0.0006 
1699174871168460             -0.0006 -0.0012 -0.0018 -0.0006 -0.0012 -0.0006 
1699174871179960             -0.0006 -0.0012 -0.0018 -0.0006 -0.0012 -0.0006 
1699174871188530             -0.0006 -0.0012 -0.0018 -0.0006 -0.0012 -0.0006 
1699174871202560             -0.0006 -0.0012 -0.0018 -0.0006 -0.0012 -0.0006 
1699174871213550             -0.0006 -0.0012 -0.0018 -0.0006 -0.0012 -0.0006 
1699174871220950             -0.0006 -0.0012 -0.0018 -0.0006 -0.0012 -0.0006 
1699174871228830             -0.0006 -0.0012 -0.0018 -0.0006 -0.0012 -0.0006 
1699174871252130             -0.0006 -0.0012 -0.0018 -0.0006 -0.0012 -0.0006 
1699174871268440             -0.0006 -0.0012 -0.0018 -0.0006 -0.0012 -0.0006 
1699174871281570             -0.0006 -0.0012 -0.0018 -0.0006 -0.0012 -0.0006 
1699174871287940             -0.0006 -0.0012 -0.0018 -0.0006 -0.0012 -0.0006 
1699174871298830             -0.0006 -0.0012 -0.0018 -0.0006 -0.0012 -0.0006 
1699174871315280             -0.0006 -0.0012 -0.0018 -0.0006 -0.0012 -0.0006 
1699174871326970             -0.0006 -0.0012 -0.0018 -0.0006 -0.0012 -0.0006 
1699174871346870             -0.0006 -0.0012 -0.0018 -0.0006 -0.0012 -0.0006 
1699174871361770             -0.0006 -0.0012 -0.0018 -0.0006 -0.0012 -0.0006 
1699174871377400             -0.0006 -0.0012 -0.0018 -0.0006 -0.0012 -0.0006 
1699174871387140             -0.0006 -0.0012 -0.0018 -0.0006 -0.0012 -0.0006 
1699174871406030             -0.0006 -0.0012 -0.0018 -0.0006 -0.0012 -0.0006 
1699174871406110             -0.0006 -0.0012 -0.0018 -0.0006 -0.0012 -0.0006 
1699174871433140             -0.0006 -0.0012 -0.0018 -0.0006 -0.0012 -0.0006 
1699174871436090             -0.0006 -0.0012 -0.0018 -0.0006 -0.0012 -0.0006 
1699174871452830             -0.0006 -0.0012 -0.0018 -0.0006 -0.0012 -0.0006 
1699174871466300             -0.0006 -0.0012 -0.0018 -0.0006 -0.0012 -0.0006 
1699174871494730             -0.0006 -0.0012 -0.0018 -0.0006 -0.0012 -0.0006 
1699174871496160             -0.0006 -0.0012 -0.0018 -0.0006 -0.0012 -0.0006 
1699174871522520             -0.0006 -0.0012 -0.0018 -0.0006 -0.0012 -0.0006 
1699174871525700             -0.0006 -0.0012 -0.0018 -0.0006 -0.0012 -0.0006 
1699174871547830             -0.0006 -0.0012 -0.0018 -0.0006 -0.0012 -0.0006 
1699174871564240             -0.0006 -0.0012 -0.0018 -0.0006 -0.0012 -0.0006 
1699174871566260             -0.0006 -0.0012 -0.0018 -0.0006 -0.0012 -0.0006 
1699174871587470             -0.0006 -0.0012 -0.0018 -0.0006 -0.0012 -0.0006 
1699174871601490             -0.0006 -0.0012 -0.0018 -0.0006 -0.0012 -0.0006 
1699174871611380             -0.0006 -0.0012 -0.0018 -0.0006 -0.0012 -0.0006 
1699174871622520             -0.0006 -0.0012 -0.0018 -0.0006 -0.0012 -0.0006 
1699174871627050             -0.0006 -0.0012 -0.0018 -0.0006 -0.0012 -0.0006 
1699174871638150             -0.0006 -0.0012 -0.0018 -0.0006 -0.0012 -0.0006 
1699174871656060             -0.0006 -0.0012 -0.0018 -0.0006 -0.0012 -0.0006 
1699174871680880             -0.0006 -0.0012 -0.0018 -0.0006 -0.0012 -0.0006 
1699174871691020             -0.0006 -0.0012 -0.0018 -0.0006 -0.0012 -0.0006 
1699174871708790             -0.0006 -0.0012 -0.0018 -0.0006 -0.0012 -0.0006 
1699174871728450             -0.0006 -0.0012 -0.0018 -0.0006 -0.0012 -0.0006 
1699174871735230             -0.0006 -0.0012 -0.0018 -0.0006 -0.0012 -0.0006 
1699174871753250             -0.0006 -0.0012 -0.0018 -0.0006 -0.0012 -0.0006 
1699174871755460             -0.0006 -0.0012 -0.0018 -0.0006 -0.0012 -0.0006 
1699174871765410             -0.0006 -0.0012 -0.0018 -0.0006 -0.0012 -0.0006 
1699174871775020             -0.0006 -0.0012 -0.0018 -0.0006 -0.0012 -0.0006 
1699174871802360             -0.0006 -0.0012 -0.0018 -0.0006 -0.0012 -0.0006 
1699174871804130             -0.0006 -0.0012 -0.0018 -0.0006 -0.0012 -0.0006 
1699174871815300             -0.0006 -0.0012 -0.0018 -0.0006 -0.0012 -0.0006 
1699174871824880             -0.0006 -0.0012 -0.0018 -0.0006 -0.0012 -0.0006 
1699174871843180             -0.0006 -0.0012 -0.0018 -0.0006 -0.0012 -0.0006 
1699174871866500             -0.0006 -0.0012 -0.0018 -0.0006 -0.0012 -0.0006 
1699174871876570             -0.0006 -0.0012 -0.0018 -0.0006 -0.0012 -0.0006 
1699174871889590             -0.0006 -0.0012 -0.0018 -0.0006 -0.0012 -0.0006 
1699174871893080             -0.0006 -0.0012 -0.0018 -0.0006 -0.0012 -0.0006 
1699174871920690             -0.0006 -0.0012 -0.0018 -0.0006 -0.0012 -0.0006 
1699174871935380             -0.0006 -0.0012 -0.0018 -0.0006 -0.0012 -0.0006 
1699174871954930             -0.0006 -0.0012 -0.0018 -0.0006 -0.0012 -0.0006 
1699174871970790             -0.0006 -0.0012 -0.0018 -0.0006 -0.0012 -0.0006 
1699174871973970             -0.0006 -0.0012 -0.0018 -0.0006 -0.0012 -0.0006 
1699174871989980             -0.0006 -0.0012 -0.0018 -0.0006 -0.0012 -0.0006 
1699174872003670             -0.0006 -0.0012 -0.0018 -0.0006 -0.0012 -0.0006 
1699174872046650             -0.0006 -0.0012 -0.0018 -0.0006 -0.0012 -0.0006 
1699174872051890             -0.0006 -0.0012 -0.0018 -0.0006 -0.0012 -0.0006 
1699174872070780             -0.0006 -0.0012 -0.0018 -0.0006 -0.0012 -0.0006 
1699174872083130             -0.0006 -0.0012 -0.0018 -0.0006 -0.0012 -0.0006 
1699174872099310             -0.0006 -0.0012 -0.0018 -0.0006 -0.0012 -0.0006 
1699174872105050             -0.0006 -0.0012 -0.0018 -0.0006 -0.0012 -0.0006 
1699174872116790             -0.0006 -0.0012 -0.0018 -0.0006 -0.0012 -0.0006 
1699174872120440             -0.0006 -0.0012 -0.0018 -0.0006 -0.0012 -0.0006 
1699174872188300             -0.0006 -0.0012 -0.0018 -0.0006 -0.0012 -0.0006 
1699174872192200             -0.0006 -0.0012 -0.0018 -0.0006 -0.0012 -0.0006 
1699174872209050             -0.0006 -0.0012 -0.0018 -0.0006 -0.0012 -0.0006 
1699174872212750             -0.0006 -0.0012 -0.0018 -0.0006 -0.0012 -0.0006 
1699174872224570             -0.0006 -0.0012 -0.0018 -0.0006 -0.0012 -0.0006 
1699174872238160             -0.0006 -0.0012 -0.0018 -0.0006 -0.0012 -0.0006 
1699174872242500             -0.0006 -0.0012 -0.0018 -0.0006 -0.0012 -0.0006 
1699174872253560             -0.0006 -0.0012 -0.0018 -0.0006 -0.0012 -0.0006 
1699174872287760             -0.0006 -0.0012 -0.0018 -0.0006 -0.0012 -0.0006 
1699174872297260             -0.0006 -0.0012 -0.0018 -0.0006 -0.0012 -0.0006 
1699174872299480             -0.0006 -0.0012 -0.0018 -0.0006 -0.0012 -0.0006 
1699174872323700             -0.0006 -0.0012 -0.0018 -0.0006 -0.0012 -0.0006 
1699174872330900             -0.0006 -0.0012 -0.0018 -0.0006 -0.0012 -0.0006 
1699174872345570             -0.0006 -0.0012 -0.0018 -0.0006 -0.0012 -0.0006 
1699174872351430             -0.0006 -0.0012 -0.0018 -0.0006 -0.0012 -0.0006 
1699174872364530             -0.0006 -0.0012 -0.0018 -0.0006 -0.0012 -0.0006 
1699174872373830             -0.0006 -0.0012 -0.0018 -0.0006 -0.0012 -0.0006 
1699174872391130             -0.0006 -0.0012 -0.0018 -0.0006 -0.0012 -0.0006 
1699174872435860             -0.0006 -0.0012 -0.0018 -0.0006 -0.0012 -0.0006 
1699174872439960             -0.0006 -0.0012 -0.0018 -0.0006 -0.0012 -0.0006 
1699174872461480             -0.0006 -0.0012 -0.0018 -0.0006 -0.0012 -0.0006 
1699174872484300             -0.0006 -0.0012 -0.0018 -0.0006 -0.0012 -0.0006 
1699174872488850             -0.0006 -0.0012 -0.0018 -0.0006 -0.0012 -0.0006 
1699174872503250             -0.0006 -0.0012 -0.0018 -0.0006 -0.0012 -0.0006 
1699174872511550             -0.0006 -0.0012 -0.0018 -0.0006 -0.0012 -0.0006 
1699174872518130             -0.0006 -0.0012 -0.0018 -0.0006 -0.0012 -0.0006 
1699174872528080             -0.0006 -0.0012 -0.0018 -0.0006 -0.0012 -0.0006 
1699174872550440             -0.0006 -0.0012 -0.0018 -0.0006 -0.0012 -0.0006 
1699174872564950             -0.0006 -0.0012 -0.0018 -0.0006 -0.0012 -0.0006 
1699174872599160             -0.0006 -0.0012 -0.0018 -0.0006 -0.0012 -0.0006 
1699174872616640             -0.0006 -0.0012 -0.0018 -0.0006 -0.0012 -0.0006 
1699174872636640             -0.0006 -0.0012 -0.0018 -0.0006 -0.0012 -0.0006 
1699174872649870             -0.0006 -0.0012 -0.0018 -0.0006 -0.0012 -0.0006 
1699174872663160             -0.0006 -0.0012 -0.0018 -0.0006 -0.0012 -0.0006 
1699174872683030             -0.0006 -0.0012 -0.0018 -0.0006 -0.0012 -0.0006 
1699174872686420             -0.0006 -0.0012 -0.0018 -0.0006 -0.0012 -0.0006 
1699174872713490             -0.0006 -0.0012 -0.0018 -0.0006 -0.0012 -0.0006 
1699174872724910             -0.0006 -0.0012 -0.0018 -0.0006 -0.0012 -0.0006 
1699174872768900             -0.0006 -0.0012 -0.0018 -0.0006 -0.0012 -0.0006 
1699174872776950             -0.0006 -0.0012 -0.0018 -0.0006 -0.0012 -0.0006 
1699174872810740             -0.0006 -0.0012 -0.0018 -0.0006 -0.0012 -0.0006 
1699174872828240             -0.0006 -0.0012 -0.0018 -0.0006 -0.0012 -0.0006 
1699174872845820             -0.0006 -0.0012 -0.0018 -0.0006 -0.0012 -0.0006 
1699174872859640             -0.0006 -0.0012 -0.0018 -0.0006 -0.0012 -0.0006 
1699174872866020             -0.0006 -0.0012 -0.0018 -0.0006 -0.0012 -0.0006 
1699174872877380             -0.0006 -0.0012 -0.0018 -0.0006 -0.0012 -0.0006 
1699174872894040             -0.0006 -0.0012 -0.0018 -0.0006 -0.0012 -0.0006 
1699174872895930             -0.0006 -0.0012 -0.0018 -0.0006 -0.0012 -0.0006 
1699174872906940             -0.0006 -0.0012 -0.0018 -0.0006 -0.0012 -0.0006 
1699174872922750             -0.0006 -0.0012 -0.0018 -0.0006 -0.0012 -0.0006 
1699174872925240             -0.0006 -0.0012 -0.0018 -0.0006 -0.0012 -0.0006 
1699174872954000             -0.0006 -0.0012 -0.0018 -0.0006 -0.0012 -0.0006 
1699174872970250             -0.0006 -0.0012 -0.0018 -0.0006 -0.0012 -0.0006 
1699174872979150             -0.0006 -0.0012 -0.0018 -0.0006 -0.0012 -0.0006 
1699174872989100             -0.0006 -0.0012 -0.0018 -0.0006 -0.0012 -0.0006 
1699174873007510             -0.0006 -0.0012 -0.0018 -0.0006 -0.0012 -0.0006 
1699174873013440             -0.0006 -0.0012 -0.0018 -0.0006 -0.0012 -0.0006 
1699174873032360             -0.0006 -0.0012 -0.0018 -0.0006 -0.0012 -0.0006 
1699174873034430             -0.0006 -0.0012 -0.0018 -0.0006 -0.0012 -0.0006 
1699174873049910             -0.0006 -0.0012 -0.0018 -0.0006 -0.0012 -0.0006 
1699174873065010             -0.0006 -0.0012 -0.0018 -0.0006 -0.0012 -0.0006 
1699174873079670             -0.0006 -0.0012 -0.0018 -0.0006 -0.0012 -0.0006 
1699174873089230             -0.0006 -0.0012 -0.0018 -0.0006 -0.0012 -0.0006 
1699174873100660             -0.0006 -0.0012 -0.0018 -0.0006 -0.0012 -0.0006 
1699174873108130             -0.0006 -0.0012 -0.0018 -0.0006 -0.0012 -0.0006 
1699174873122230             -0.0006 -0.0012 -0.0018 -0.0006 -0.0012 -0.0006 
1699174873122250             -0.0006 -0.0012 -0.0018 -0.0006 -0.0012 -0.0006 
1699174873136820             -0.0006 -0.0012 -0.0018 -0.0006 -0.0012 -0.0006 
1699174873165080             -0.0006 -0.0012 -0.0018 -0.0006 -0.0012 -0.0006 
1699174873177730             -0.0006 -0.0012 -0.0018 -0.0006 -0.0012 -0.0006 
1699174873186870             -0.0006 -0.0012 -0.0018 -0.0006 -0.0012 -0.0006 
1699174873198010             -0.0006 -0.0012 -0.0018 -0.0006 -0.0012 -0.0006 
1699174873206920             -0.0006 -0.0012 -0.0018 -0.0006 -0.0012 -0.0006 
1699174873222150             -0.0006 -0.0012 -0.0018 -0.0006 -0.0012 -0.0006 
1699174873233220             -0.0006 -0.0012 -0.0018 -0.0006 -0.0012 -0.0006 
1699174873273480             -0.0006 -0.0012 -0.0018 -0.0006 -0.0012 -0.0006 
1699174873289050             -0.0006 -0.0012 -0.0018 -0.0006 -0.0012 -0.0006 
1699174873301280             -0.0006 -0.0012 -0.0018 -0.0006 -0.0012 -0.0006 
1699174873316550             -0.0006 -0.0012 -0.0018 -0.0006 -0.0012 -0.0006 
1699174873353260             -0.0006 -0.0012 -0.0018 -0.0006 -0.0012 -0.0006 
1699174873367290             -0.0006 -0.0012 -0.0018 -0.0006 -0.0012 -0.0006 
1699174873375420             -0.0006 -0.0012 -0.0018 -0.0006 -0.0012 -0.0006 
1699174873410410             -0.0006 -0.0012 -0.0018 -0.0006 -0.0012 -0.0006 
1699174873433690             -0.0006 -0.0012 -0.0018 -0.0006 -0.0012 -0.0006 
1699174873460110             -0.0006 -0.0012 -0.0018 -0.0006 -0.0012 -0.0006 
1699174873488550             -0.0006 -0.0012 -0.0018 -0.0006 -0.0012 -0.0006 
1699174873490310             -0.0006 -0.0012 -0.0018 -0.0006 -0.0012 -0.0006 
1699174873522680             -0.0006 -0.0012 -0.0018 -0.0006 -0.0012 -0.0006 
1699174873567220             -0.0006 -0.0012 -0.0018 -0.0006 -0.0012 -0.0006 
1699174873571330             -0.0006 -0.0012 -0.0018 -0.0006 -0.0012 -0.0006 
1699174873585390             -0.0006 -0.0012 -0.0018 -0.0006 -0.0012 -0.0006 
1699174873590350             -0.0006 -0.0012 -0.0018 -0.0006 -0.0012 -0.0006 
1699174873617370             -0.0006 -0.0012 -0.0018 -0.0006 -0.0012 -0.0006 
1699174873621140             -0.0006 -0.0012 -0.0018 -0.0006 -0.0012 -0.0006 
1699174873636330             -0.0006 -0.0012 -0.0018 -0.0006 -0.0012 -0.0006 
1699174873639180             -0.0006 -0.0012 -0.0018 -0.0006 -0.0012 -0.0006 
1699174873664120             -0.0006 -0.0012 -0.0018 -0.0006 -0.0012 -0.0006 
1699174873674380             -0.0006 -0.0012 -0.0018 -0.0006 -0.0012 -0.0006 
1699174873677900             -0.0006 -0.0012 -0.0018 -0.0006 -0.0012 -0.0006 
1699174873703540             -0.0006 -0.0012 -0.0018 -0.0006 -0.0012 -0.0006 
1699174873710310             -0.0006 -0.0012 -0.0018 -0.0006 -0.0012 -0.0006 
1699174873738910             -0.0006 -0.0012 -0.0018 -0.0006 -0.0012 -0.0006 
1699174873752580             -0.0006 -0.0012 -0.0018 -0.0006 -0.0012 -0.0006 
1699174873757200             -0.0006 -0.0012 -0.0018 -0.0006 -0.0012 -0.0006 
1699174873774840             -0.0006 -0.0012 -0.0018 -0.0006 -0.0012 -0.0006 
1699174873798250             -0.0006 -0.0012 -0.0018 -0.0006 -0.0012 -0.0006 
1699174873807150             -0.0006 -0.0012 -0.0018 -0.0006 -0.0012 -0.0006 
1699174873819610             -0.0006 -0.0012 -0.0018 -0.0006 -0.0012 -0.0006 
1699174873863170             -0.0006 -0.0012 -0.0018 -0.0006 -0.0012 -0.0006 
1699174873878390             -0.0006 -0.0012 -0.0018 -0.0006 -0.0012 -0.0006 
1699174873886250             -0.0006 -0.0012 -0.0018 -0.0006 -0.0012 -0.0006 
1699174873941970             -0.0006 -0.0012 -0.0018 -0.0006 -0.0012 -0.0006 
1699174873996490             -0.0006 -0.0012 -0.0018 -0.0006 -0.0012 -0.0006 
1699174874008930             -0.0006 -0.0012 -0.0018 -0.0006 -0.0012 -0.0006 
1699174874030630             -0.0006 -0.0012 -0.0018 -0.0006 -0.0012 -0.0006 
1699174874040660             -0.0006 -0.0012 -0.0018 -0.0006 -0.0012 -0.0006 
1699174874057190             -0.0006 -0.0012 -0.0018 -0.0006 -0.0012 -0.0006 
1699174874094300             -0.0006 -0.0012 -0.0018 -0.0006 -0.0012 -0.0006 
1699174874102720             -0.0006 -0.0012 -0.0018 -0.0006 -0.0012 -0.0006 
1699174874112140             -0.0006 -0.0012 -0.0018 -0.0006 -0.0012 -0.0006 
1699174874114960             -0.0006 -0.0012 -0.0018 -0.0006 -0.0012 -0.0006 
1699174874130160             -0.0006 -0.0012 -0.0018 -0.0006 -0.0012 -0.0006 
1699174874185830             -0.0006 -0.0012 -0.0018 -0.0006 -0.0012 -0.0006 
1699174874194460             -0.0006 -0.0012 -0.0018 -0.0006 -0.0012 -0.0006 
1699174874205600             -0.0006 -0.0012 -0.0018 -0.0006 -0.0012 -0.0006 
1699174874225170             -0.0006 -0.0012 -0.0018 -0.0006 -0.0012 -0.0006 
1699174874242270             -0.0006 -0.0012 -0.0018 -0.0006 -0.0012 -0.0006 
1699174874243320             -0.0006 -0.0012 -0.0018 -0.0006 -0.0012 -0.0006 
1699174874264310             -0.0006 -0.0012 -0.0018 -0.0006 -0.0012 -0.0006 
1699174874281370             -0.0006 -0.0012 -0.0018 -0.0006 -0.0012 -0.0006 
1699174874282970             -0.0006 -0.0012 -0.0018 -0.0006 -0.0012 -0.0006 
1699174874299680             -0.0006 -0.0012 -0.0018 -0.0006 -0.0012 -0.0006 
1699174874317200             -0.0006 -0.0012 -0.0018 -0.0006 -0.0012 -0.0006 
