Timestamp (microseconds)      Peak Amplitude
1699175351105750             0.00055 0.0011 0.00165 0.00055 0.0011 0.00055 
1699175351121300             0.00055 0.0011 0.00165 0.00055 0.0011 0.00055 
1699175351126840             0.00055 0.0011 0.00165 0.00055 0.0011 0.00055 
1699175351139510             0.00055 0.0011 0.00165 0.00055 0.0011 0.00055 
1699175351161850             0.00055 0.0011 0.00165 0.00055 0.0011 0.00055 
1699175351172180             0.00055 0.0011 0.00165 0.00055 0.0011 0.00055 
1699175351192520             0.00055 0.0011 0.00165 0.00055 0.0011 0.00055 
1699175351205420             0.00055 0.0011 0.00165 0.00055 0.0011 0.00055 
1699175351205480             0.00055 0.0011 0.00165 0.00055 0.0011 0.00055 
1699175351222430             0.00055 0.0011 0.00165 0.00055 0.0011 0.00055 
1699175351251660             0.00055 0.0011 0.00165 0.00055 0.0011 0.00055 
1699175351261180             0.00055 0.0011 0.00165 0.00055 0.0011 0.00055 
1699175351271520             0.00055 0.0011 0.00165 0.00055 0.0011 0.00055 
1699175351287370             0.00055 0.0011 0.00165 0.00055 0.0011 0.00055 
1699175351295000             0.00055 0.0011 0.00165 0.00055 0.0011 0.00055 
1699175351318220             0.00055 0.0011 0.00165 0.00055 0.0011 0.00055 
1699175351333120             0.00055 0.0011 0.00165 0.00055 0.0011 0.00055 
1699175351359590             0.00055 0.0011 0.00165 0.00055 0.0011 0.00055 
1699175351374940             0.00055 0.0011 0.00165 0.00055 0.0011 0.00055 
1699175351403440             0.00055 0.0011 0.00165 0.00055 0.0011 0.00055 
1699175351405860             0.00055 0.0011 0.00165 0.00055 0.0011 0.00055 
1699175351422720             0.00055 0.0011 0.00165 0.00055 0.0011 0.00055 
1699175351438460             0.00055 0.0011 0.00165 0.00055 0.0011 0.00055 
1699175351474720             0.00055 0.0011 0.00165 0.00055 0.0011 0.00055 
1699175351496470             0.00055 0.0011 0.00165 0.00055 0.0011 0.00055 
1699175351507790             0.00055 0.0011 0.00165 0.00055 0.0011 0.00055 
1699175351516590             0.00055 0.0011 0.00165 0.00055 0.0011 0.00055 
1699175351539310             0.00055 0.0011 0.00165 0.00055 0.0011 0.00055 
1699175351558900             0.00055 0.0011 0.00165 0.00055 0.0011 0.00055 
1699175351573110             0.00055 0.0011 0.00165 0.00055 0.0011 0.00055 
1699175351583750             0.00055 0.0011 0.00165 0.00055 0.0011 0.00055 
1699175351598080             0.00055 0.0011 0.00165 0.00055 0.0011 0.00055 
1699175351604670             0.00055 0.0011 0.00165 0.00055 0.0011 0.00055 
1699175351615800             0.00055 0.0011 0.00165 0.00055 0.0011 0.00055 
1699175351652950             0.00055 0.0011 0.00165 0.00055 0.0011 0.00055 
1699175351681320             0.00055 0.0011 0.00165 0.00055 0.0011 0.00055 
1699175351683750             0.00055 0.0011 0.00165 0.00055 0.0011 0.00055 
1699175351699880             0.00055 0.0011 0.00165 0.00055 0.0011 0.00055 
1699175351706790             0.00055 0.0011 0.00165 0.00055 0.0011 0.00055 
1699175351728940             0.00055 0.0011 0.00165 0.00055 0.0011 0.00055 
1699175351772980             0.00055 0.0011 0.00165 0.00055 0.0011 0.00055 
1699175351783250             0.00055 0.0011 0.00165 0.00055 0.0011 0.00055 
1699175351816070             0.00055 0.0011 0.00165 0.00055 0.0011 0.00055 
1699175351839090             0.00055 0.0011 0.00165 0.00055 0.0011 0.00055 
1699175351861770             0.00055 0.0011 0.00165 0.00055 0.0011 0.00055 
1699175351879760             0.00055 0.0011 0.00165 0.00055 0.0011 0.00055 
1699175351906860             0.00055 0.0011 0.00165 0.00055 0.0011 0.00055 
1699175351927140             0.00055 0.0011 0.00165 0.00055 0.0011 0.00055 
1699175351945420             0.00055 0.0011 0.00165 0.00055 0.0011 0.00055 
1699175351974000             0.00055 0.0011 0.00165 0.00055 0.0011 0.00055 
1699175351983060             0.00055 0.0011 0.00165 0.00055 0.0011 0.00055 
1699175352018690             0.00055 0.0011 0.00165 0.00055 0.0011 0.00055 
1699175352048940             0.00055 0.0011 0.00165 0.00055 0.0011 0.00055 
1699175352061590             0.00055 0.0011 0.00165 0.00055 0.0011 0.00055 
1699175352070120             0.00055 0.0011 0.00165 0.00055 0.0011 0.00055 
1699175352086140             0.00055 0.0011 0.00165 0.00055 0.0011 0.00055 
1699175352095820             0.00055 0.0011 0.00165 0.00055 0.0011 0.00055 
1699175352105740             0.00055 0.0011 0.00165 0.00055 0.0011 0.00055 
1699175352128030             0.00055 0.0011 0.00165 0.00055 0.0011 0.00055 
1699175352137980             0.00055 0.0011 0.00165 0.00055 0.0011 0.00055 
1699175352160680             0.00055 0.0011 0.00165 0.00055 0.0011 0.00055 
1699175352183950             0.00055 0.0011 0.00165 0.00055 0.0011 0.00055 
1699175352205720             0.00055 0.0011 0.00165 0.00055 0.0011 0.00055 
1699175352224490             0.00055 0.0011 0.00165 0.00055 0.0011 0.00055 
1699175352227370             0.00055 0.0011 0.00165 0.00055 0.0011 0.00055 
1699175352272550             0.00055 0.0011 0.00165 0.00055 0.0011 0.00055 
1699175352293290             0.00055 0.0011 0.00165 0.00055 0.0011 0.00055 
1699175352349380             0.00055 0.0011 0.00165 0.00055 0.0011 0.00055 
1699175352362300             0.00055 0.0011 0.00165 0.00055 0.0011 0.00055 
1699175352404800             0.00055 0.0011 0.00165 0.00055 0.0011 0.00055 
1699175352425680             0.00055 0.0011 0.00165 0.00055 0.0011 0.00055 
1699175352450450             0.00055 0.0011 0.00165 0.00055 0.0011 0.00055 
1699175352471450             0.00055 0.0011 0.00165 0.00055 0.0011 0.00055 
1699175352536310             0.00055 0.0011 0.00165 0.00055 0.0011 0.00055 
1699175352550120             0.00055 0.0011 0.00165 0.00055 0.0011 0.00055 
1699175352570530             0.00055 0.0011 0.00165 0.00055 0.0011 0.00055 
1699175352592420             0.00055 0.0011 0.00165 0.00055 0.0011 0.00055 
1699175352635080             0.00055 0.0011 0.00165 0.00055 0.0011 0.00055 
1699175352658920             0.00055 0.0011 0.00165 0.00055 0.0011 0.00055 
1699175352682750             0.00055 0.0011 0.00165 0.00055 0.0011 0.00055 
1699175352684070             0.00055 0.0011 0.00165 0.00055 0.0011 0.00055 
1699175352747630             0.00055 0.0011 0.00165 0.00055 0.0011 0.00055 
1699175352766850             0.00055 0.0011 0.00165 0.00055 0.0011 0.00055 
1699175352780510             0.00055 0.0011 0.00165 0.00055 0.0011 0.00055 
1699175352782920             0.00055 0.0011 0.00165 0.00055 0.0011 0.00055 
1699175352794390             0.00055 0.0011 0.00165 0.00055 0.0011 0.00055 
1699175352830850             0.00055 0.0011 0.00165 0.00055 0.0011 0.00055 
1699175352837460             0.00055 0.0011 0.00165 0.00055 0.0011 0.00055 
1699175352848420             0.00055 0.0011 0.00165 0.00055 0.0011 0.00055 
1699175352866920             0.00055 0.0011 0.00165 0.00055 0.0011 0.00055 
1699175352872410             0.00055 0.0011 0.00165 0.00055 0.0011 0.00055 
1699175352890280             0.00055 0.0011 0.00165 0.00055 0.0011 0.00055 
1699175352892120             0.00055 0.0011 0.00165 0.00055 0.0011 0.00055 
1699175352915500             0.00055 0.0011 0.00165 0.00055 0.0011 0.00055 
1699175352937140             0.00055 0.0011 0.00165 0.00055 0.0011 0.00055 
1699175352954500             0.00055 0.0011 0.00165 0.00055 0.0011 0.00055 
1699175352962410             0.00055 0.0011 0.00165 0.00055 0.0011 0.00055 
1699175352981020             0.00055 0.0011 0.00165 0.00055 0.0011 0.00055 
1699175353003510             0.00055 0.0011 0.00165 0.00055 0.0011 0.00055 
1699175353035850             0.00055 0.0011 0.00165 0.00055 0.0011 0.00055 
1699175353051090             0.00055 0.0011 0.00165 0.00055 0.0011 0.00055 
1699175353079780             0.00055 0.0011 0.00165 0.00055 0.0011 0.00055 
1699175353080640             0.00055 0.0011 0.00165 0.00055 0.0011 0.00055 
1699175353101510             0.00055 0.0011 0.00165 0.00055 0.0011 0.00055 
1699175353116190             0.00055 0.0011 0.00165 0.00055 0.0011 0.00055 
1699175353136940             0.00055 0.0011 0.00165 0.00055 0.0011 0.00055 
1699175353169630             0.00055 0.0011 0.00165 0.00055 0.0011 0.00055 
1699175353178520             0.00055 0.0011 0.00165 0.00055 0.0011 0.00055 
1699175353181540             0.00055 0.0011 0.00165 0.00055 0.0011 0.00055 
1699175353193410             0.00055 0.0011 0.00165 0.00055 0.0011 0.00055 
1699175353257000             0.00055 0.0011 0.00165 0.00055 0.0011 0.00055 
1699175353260520             0.00055 0.0011 0.00165 0.00055 0.0011 0.00055 
1699175353337560             0.00055 0.0011 0.00165 0.00055 0.0011 0.00055 
1699175353357620             0.00055 0.0011 0.00165 0.00055 0.0011 0.00055 
1699175353389800             0.00055 0.0011 0.00165 0.00055 0.0011 0.00055 
1699175353402430             0.00055 0.0011 0.00165 0.00055 0.0011 0.00055 
1699175353444230             0.00055 0.0011 0.00165 0.00055 0.0011 0.00055 
1699175353477140             0.00055 0.0011 0.00165 0.00055 0.0011 0.00055 
1699175353477170             0.00055 0.0011 0.00165 0.00055 0.0011 0.00055 
1699175353514860             0.00055 0.0011 0.00165 0.00055 0.0011 0.00055 
1699175353524730             0.00055 0.0011 0.00165 0.00055 0.0011 0.00055 
1699175353535610             0.00055 0.0011 0.00165 0.00055 0.0011 0.00055 
1699175353539870             0.00055 0.0011 0.00165 0.00055 0.0011 0.00055 
1699175353560370             0.00055 0.0011 0.00165 0.00055 0.0011 0.00055 
1699175353591230             0.00055 0.0011 0.00165 0.00055 0.0011 0.00055 
1699175353605620             0.00055 0.0011 0.00165 0.00055 0.0011 0.00055 
1699175353607750             0.00055 0.0011 0.00165 0.00055 0.0011 0.00055 
1699175353723990             0.00055 0.0011 0.00165 0.00055 0.0011 0.00055 
1699175353747290             0.00055 0.0011 0.00165 0.00055 0.0011 0.00055 
1699175353881770             0.00055 0.0011 0.00165 0.00055 0.0011 0.00055 
1699175353913530             0.00055 0.0011 0.00165 0.00055 0.0011 0.00055 
1699175353922590             0.00055 0.0011 0.00165 0.00055 0.0011 0.00055 
1699175353958640             0.00055 0.0011 0.00165 0.00055 0.0011 0.00055 
1699175354012590             0.00055 0.0011 0.00165 0.00055 0.0011 0.00055 
1699175354091210             0.00055 0.0011 0.00165 0.00055 0.0011 0.00055 
1699175354099030             0.00055 0.0011 0.00165 0.00055 0.0011 0.00055 
1699175354122080             0.00055 0.0011 0.00165 0.00055 0.0011 0.00055 
1699175354144850             0.00055 0.0011 0.00165 0.00055 0.0011 0.00055 
1699175354212430             0.00055 0.0011 0.00165 0.00055 0.0011 0.00055 
1699175354235850             0.00055 0.0011 0.00165 0.00055 0.0011 0.00055 
1699175354252680             0.00055 0.0011 0.00165 0.00055 0.0011 0.00055 
1699175354266990             0.00055 0.0011 0.00165 0.00055 0.0011 0.00055 
1699175354290730             0.00055 0.0011 0.00165 0.00055 0.0011 0.00055 
1699175354311850             0.00055 0.0011 0.00165 0.00055 0.0011 0.00055 
1699175354333860             0.00055 0.0011 0.00165 0.00055 0.0011 0.00055 
1699175354367640             0.00055 0.0011 0.00165 0.00055 0.0011 0.00055 
1699175354386950             0.00055 0.0011 0.00165 0.00055 0.0011 0.00055 
1699175354397660             0.00055 0.0011 0.00165 0.00055 0.0011 0.00055 
1699175354409020             0.00055 0.0011 0.00165 0.00055 0.0011 0.00055 
1699175354410170             0.00055 0.0011 0.00165 0.00055 0.0011 0.00055 
1699175354426120             0.00055 0.0011 0.00165 0.00055 0.0011 0.00055 
1699175354430530             0.00055 0.0011 0.00165 0.00055 0.0011 0.00055 
1699175354449300             0.00055 0.0011 0.00165 0.00055 0.0011 0.00055 
1699175354453070             0.00055 0.0011 0.00165 0.00055 0.0011 0.00055 
1699175354459490             0.00055 0.0011 0.00165 0.00055 0.0011 0.00055 
1699175354471450             0.00055 0.0011 0.00165 0.00055 0.0011 0.00055 
1699175354479330             0.00055 0.0011 0.00165 0.00055 0.0011 0.00055 
1699175354490460             0.00055 0.0011 0.00165 0.00055 0.0011 0.00055 
1699175354503810             0.00055 0.0011 0.00165 0.00055 0.0011 0.00055 
1699175354511330             0.00055 0.0011 0.00165 0.00055 0.0011 0.00055 
1699175354523550             0.00055 0.0011 0.00165 0.00055 -1e-05 0.00055 
1699175354536010             0.00055 0.0011 0 0.00055 0.0011 0.00055 
1699175354541110             0.00055 0.0011 0.00165 0.00055 0.0011 1e-05 
1699175354554580                   0 0.0011 0.00165 0.00055 0.0011 0 
1699175354558440                   0 1e-05 0.00165 0 0.0011 0.00055 
1699175354574470             0.00055 0.0011 0.00165 0.00055 0.0011 0.00055 
1699175354588180             0.00055 0.0011 0.00165 1e-05 0.0011 0.00055 
1699175354590430             0.00055 -1e-05 0.00165 0.00055 0.0011 0.00055 
1699175354603860             0.00055 0.0011 0.00165 0.00055 0.0011 0.00055 
1699175354613010             0.00055 0.0011 0.00165 0.00055 0.0011 0.00055 
1699175354626740             0.00055 0.0011 0.00165 0.00055 0.0011 0.00055 
1699175354631050                   0 0 0 0 0 0 
1699175354645590             0.00055 0.0011 0.00165 0.00055 0.0011 0.00055 
1699175354653950             0.00055 0.0011 0.00165 0.00055 0.0011 0.00055 
1699175354660670             0.00055 0.0011 0.00165 0.00055 0.0011 0.00055 
1699175354673200             0.00055 0.0011 0.00165 0.00055 0.0011 0.00055 
1699175354679120             0.00055 0.0011 0.00165 0.00055 0.0011 0.00055 
1699175354687950             0.00055 0.0011 0.00165 0.00055 0.0011 0.00055 
1699175354707140             0.00055 0 0.00165 0.00055 0 0.00055 
1699175354707390             0.00055 0 0.00165 0.00055 1e-05 0.00055 
1699175354717330             0.00055 0.0011 0.00165 0.00055 0.0011 0.00055 
1699175354733630             0.00055 0.0011 0.00165 0.00055 0.0011 0.00055 
1699175354740180             0.00055 0.0011 0 0.00055 0.0011 0.00055 
1699175354753580             0.00055 0.0011 0.00165 0.00055 0.0011 0.00055 
1699175354759600             0.00055 0.0011 0.00165 0.00055 0.0011 0.00055 
1699175354772200             0.00055 0.0011 0.00165 0.00055 0.0011 0.00055 
1699175354778500             0.00055 0.0011 0.00165 0.00055 0.0011 0.00055 
1699175354795710             0.00055 0.0011 0.00165 0.00055 0.0011 0.00055 
1699175354797450             0.00055 0.0011 0.00165 0.00055 0.0011 0.00055 
1699175354811600             0.00055 0.0011 0.00165 0.00055 0.0011 0.00055 
1699175354822700             0.00055 0.0011 0.00165 0.00055 0.0011 0.00055 
1699175354835100             0.00055 0.0011 0.00165 0.00055 0.0011 0.00055 
1699175354845180             0.00055 0.0011 0.00165 0.00055 0.0011 0.00055 
1699175354848070             0.00055 0.0011 0.00165 0.00055 0.0011 0.00055 
1699175354856870             0.00055 0.0011 0.00165 0.00055 0.0011 0.00055 
1699175354873580             0.00055 0.0011 0.00165 0.00055 0.0011 0.00055 
1699175354877500             0.00055 0.0011 0.00165 0.00055 0.0011 0.00055 
1699175354891400             0.00055 0.0011 0.00165 0.00055 0.0011 0.00055 
1699175354896940             0.00055 0.0011 0.00165 0.00055 0.0011 0.00055 
1699175354906950             0.00055 0.0011 0.00165 0.00055 0.0011 0.00055 
1699175354924380             0.00055 0.0011 0.00165 0.00055 0.0011 0.00055 
1699175354934730             0.00055 0.0011 0.00165 0.00055 0.0011 0.00055 
1699175354943990             0.00055 0.0011 0.00165 0.00055 0.0011 0.00055 
1699175354947270             0.00055 0.0011 0.00165 0.00055 0.0011 0.00055 
1699175354960100             0.00055 0.0011 0.00165 0.00055 0.0011 0.00055 
1699175354969260             0.00055 0.0011 0.00165 0.00055 0.0011 0.00055 
1699175354980580             0.00055 0.0011 0.00165 0.00055 0.0011 0.00055 
1699175354989210             0.00055 0.0011 0.00165 0.00055 0.0011 0.00055 
1699175355007000             0.00055 0.0011 0.00165 0.00055 0.0011 0.00055 
1699175355017940             0.00055 0.0011 0.00165 0.00055 0.0011 0.00055 
1699175355032910             0.00055 0.0011 0.00165 0.00055 0.0011 0.00055 
1699175355034960             0.00055 0.0011 0.00165 0.00055 0.0011 0.00055 
1699175355056040             0.00055 0.0011 0.00165 0.00055 0.0011 0.00055 
1699175355075640             0.00055 0.0011 0.00165 0.00055 0.0011 0.00055 
1699175355089890             0.00055 0.0011 0.00165 0.00055 0.0011 0.00055 
1699175355098260             0.00055 0.0011 0.00165 0.00055 0.0011 0.00055 
1699175355146620             0.00055 0.0011 0.00165 0.00055 0.0011 0.00055 
1699175355189270             0.00055 0.0011 0.00165 0.00055 0.0011 0.00055 
1699175355209940             0.00055 0.0011 0.00165 0.00055 0.0011 0.00055 
1699175355242890             0.00055 0.0011 0.00165 0.00055 0.0011 0.00055 
1699175355245720             0.00055 0.0011 0.00165 -1e-05 2e-05 -1e-05 
1699175355256950             0.00055 0.0011 0.00165 0.00055 0.0011 0.00055 
