Timestamp (microseconds)      Peak Amplitude
1699174979796140             43.9455 43.9455 43.9455 43.9455 43.9455 43.9455 
1699174979863780             43.9455 43.9455 43.9455 43.9455 43.9455 43.9455 
1699174979883950             43.9455 43.9455 43.9455 43.9455 43.9455 43.9455 
1699174979927600             43.9455 43.9455 43.9455 43.9455 43.9455 43.9455 
1699174979971900             43.9455 43.9455 43.9455 43.9455 43.9455 43.9455 
1699174980027340             43.9455 43.9455 43.9455 43.9455 43.9455 43.9455 
1699174980030570             43.9455 43.9455 43.9455 43.9455 43.9455 43.9455 
1699174980049810             43.9455 43.9455 43.9455 43.9455 43.9455 43.9455 
1699174980055010             43.9455 43.9455 43.9455 43.9455 43.9455 43.9455 
1699174980061170             43.9455 43.9455 43.9455 43.9455 43.9455 43.9455 
1699174980073110             43.9455 43.9455 43.9455 43.9455 43.9455 43.9455 
1699174980088370             43.9455 43.9455 43.9455 43.9455 43.9455 43.9455 
1699174980106740             43.9455 43.9455 43.9455 43.9455 43.9455 43.9455 
1699174980128480             43.9455 43.9455 43.9455 43.9455 43.9455 43.9455 
1699174980185370             43.9455 43.9455 43.9455 43.9455 43.9455 43.9455 
1699174980231960             43.9455 43.9455 43.9455 43.9455 43.9455 43.9455 
1699174980315380             43.9455 43.9455 43.9455 43.9455 43.9455 43.9455 
1699174980349150             43.9455 43.9455 43.9455 43.9455 43.9455 43.9455 
1699174980364760             43.9455 43.9455 43.9455 43.9455 43.9455 43.9455 
1699174980410770             43.9455 43.9455 43.9455 43.9455 43.9455 43.9455 
1699174980429580             43.9455 43.9455 43.9455 43.9455 43.9455 43.9455 
1699174980486100             43.9455 43.9455 43.9455 43.9455 43.9455 43.9455 
1699174980488210             43.9455 43.9455 43.9455 43.9455 43.9455 43.9455 
1699174980503980             43.9455 43.9455 43.9455 43.9455 43.9455 43.9455 
1699174980515300             43.9455 43.9455 43.9455 43.9455 43.9455 43.9455 
1699174980521960             43.9455 43.9455 43.9455 43.9455 43.9455 43.9455 
1699174980530320             43.9455 43.9455 43.9455 43.9455 43.9455 43.9455 
1699174980544210                  90 43.9455 43.9455 90 90 90 
1699174980546370             43.9455 43.9455 43.9455 90 43.9455 43.9455 
1699174980565690             43.9455 43.9455 43.9455 43.9455 43.9455 43.9455 
1699174980573520             43.9455 43.9455 43.9455 43.9455 43.9455 43.9455 
1699174980580720             43.9455 43.9455 43.9455 43.9455 43.9455 43.9455 
1699174980595090             43.9455 43.9455 43.9455 43.9455 43.9455 43.9455 
1699174980600360             43.9455 43.9455 43.9455 43.9455 43.9455 43.9455 
1699174980613750             43.9455 43.9455 43.9455 43.9455 43.9455 43.9455 
1699174980619470             43.9455 90 90.573 43.9455 90 43.9455 
1699174980626390             43.9455 90 43.9455 43.9455 89.5703 43.9455 
1699174980644010             43.9455 43.9455 90 43.9455 43.9455 43.9455 
1699174980648050             43.9455 90.4297 90 43.9455 43.9455 89.1405 
1699174980663950             43.9455 43.9455 43.9455 43.9455 43.9455 43.9455 
1699174980665310             103.003 43.9455 90 43.9455 83.5406 43.9455 
1699174980683240             43.9455 43.9455 90 43.9455 43.9455 43.9455 
1699174980685930             43.9455 43.9455 43.9455 43.9455 43.9455 43.9455 
1699174980704550             43.9455 43.9455 43.9455 43.9455 43.9455 43.9455 
1699174980705750             43.9455 43.9455 43.9455 43.9455 43.9455 43.9455 
1699174980723790             43.9455 43.9455 43.9455 43.9455 43.9455 43.9455 
1699174980725350             89.1405 43.9455 43.9455 90 89.5703 43.9455 
1699174980739130             43.9455 43.9455 43.9455 43.9455 43.9455 43.9455 
1699174980753460             43.9455 43.9455 43.9455 43.9455 43.9455 43.9455 
1699174980759400             43.9455 43.9455 43.9455 43.9455 43.9455 43.9455 
1699174980773940             43.9455 43.9455 43.9455 43.9455 43.9455 43.9455 
1699174980780590             43.9455 43.9455 43.9455 43.9455 43.9455 43.9455 
1699174980785410             43.9455 43.9455 43.9455 43.9455 43.9455 43.9455 
1699174980803120             43.9455 43.9455 90 90.8595 43.9455 43.9455 
1699174980806320             43.9455 43.9455 90 43.9455 43.9455 43.9455 
1699174980821370             43.9455 43.9455 43.9455 43.9455 43.9455 43.9455 
1699174980832650             43.9455 43.9455 43.9455 43.9455 43.9455 43.9455 
1699174980836130             43.9455 43.9455 43.9455 43.9455 43.9455 43.9455 
1699174980846300             43.9455 43.9455 43.9455 43.9455 43.9455 43.9455 
1699174980855850             43.9455 43.9455 43.9455 43.9455 43.9455 43.9455 
1699174980868070             43.9455 43.9455 43.9455 43.9455 43.9455 43.9455 
1699174980880470             43.9455 43.9455 43.9455 43.9455 43.9455 43.9455 
1699174980886670             43.9455 43.9455 43.9455 43.9455 43.9455 43.9455 
1699174980896950             43.9455 43.9455 43.9455 43.9455 43.9455 43.9455 
1699174980903680             43.9455 43.9455 43.9455 43.9455 43.9455 43.9455 
1699174980915640             43.9455 43.9455 43.9455 43.9455 43.9455 43.9455 
1699174980931610             43.9455 43.9455 43.9455 43.9455 43.9455 43.9455 
1699174980932960             43.9455 43.9455 43.9455 43.9455 43.9455 43.9455 
1699174980950440             43.9455 43.9455 43.9455 43.9455 43.9455 43.9455 
1699174980955740             43.9455 43.9455 43.9455 43.9455 43.9455 43.9455 
1699174980969640             43.9455 43.9455 43.9455 43.9455 43.9455 43.9455 
1699174980979550             43.9455 43.9455 43.9455 43.9455 43.9455 43.9455 
1699174980984010             43.9455 43.9455 43.9455 43.9455 43.9455 43.9455 
1699174981008490             32.8599 32.8599 32.8599 32.8599 32.8599 32.8599 
1699174981020500             32.8599 32.8599 32.8599 32.8599 32.8599 32.8599 
1699174981039930             32.8599 32.8599 32.8599 32.8599 32.8599 32.8599 
1699174981044270             32.8599 32.8599 32.8599 32.8599 32.8599 32.8599 
1699174981056400             32.8599 32.8599 32.8599 32.8599 32.8599 32.8599 
1699174981075960             32.8599 32.8599 32.8599 32.8599 32.8599 32.8599 
1699174981084370             32.8599 32.8599 32.8599 32.8599 32.8599 32.8599 
1699174981098800             32.8599 32.8599 32.8599 32.8599 32.8599 32.8599 
1699174981107010             32.8599 32.8599 32.8599 32.8599 32.8599 32.8599 
1699174981129460             32.8599 32.8599 32.8599 32.8599 32.8599 32.8599 
1699174981150550             32.8599 32.8599 32.8599 32.8599 32.8599 32.8599 
1699174981163220             32.8599 32.8599 32.8599 32.8599 32.8599 32.8599 
1699174981185560             32.8599 32.8599 32.8599 32.8599 32.8599 32.8599 
1699174981195890             32.8599 32.8599 32.8599 32.8599 32.8599 32.8599 
1699174981216230             32.8599 32.8599 32.8599 32.8599 32.8599 32.8599 
1699174981229130             32.8599 32.8599 32.8599 32.8599 32.8599 32.8599 
1699174981246140             32.8599 32.8599 32.8599 32.8599 32.8599 32.8599 
1699174981275370             32.8599 32.8599 32.8599 32.8599 32.8599 32.8599 
1699174981284890             32.8599 32.8599 32.8599 32.8599 32.8599 32.8599 
1699174981295230             32.8599 32.8599 32.8599 32.8599 32.8599 32.8599 
1699174981309090             32.8599 32.8599 32.8599 32.8599 32.8599 32.8599 
1699174981311080             32.8599 32.8599 32.8599 32.8599 32.8599 32.8599 
1699174981341930             32.8599 32.8599 32.8599 32.8599 32.8599 32.8599 
1699174981356830             32.8599 32.8599 32.8599 32.8599 32.8599 32.8599 
1699174981383300             32.8599 32.8599 32.8599 32.8599 32.8599 32.8599 
1699174981398650             32.8599 32.8599 32.8599 32.8599 32.8599 32.8599 
1699174981428070             32.8599 32.8599 32.8599 32.8599 32.8599 32.8599 
1699174981429570             32.8599 32.8599 32.8599 32.8599 32.8599 32.8599 
1699174981446430             32.8599 32.8599 32.8599 32.8599 32.8599 32.8599 
1699174981462170             32.8599 32.8599 32.8599 32.8599 32.8599 32.8599 
1699174981498430             32.8599 32.8599 32.8599 32.8599 32.8599 32.8599 
1699174981517360             32.8599 32.8599 32.8599 32.8599 32.8599 32.8599 
1699174981520180             32.8599 32.8599 32.8599 32.8599 32.8599 32.8599 
1699174981531500             32.8599 32.8599 32.8599 32.8599 32.8599 32.8599 
1699174981540300             32.8599 32.8599 32.8599 32.8599 32.8599 32.8599 
1699174981563020             32.8599 32.8599 32.8599 32.8599 32.8599 32.8599 
1699174981582610             32.8599 32.8599 32.8599 32.8599 32.8599 32.8599 
1699174981596820             32.8599 32.8599 32.8599 32.8599 32.8599 32.8599 
1699174981607210             32.8599 32.8599 32.8599 32.8599 32.8599 32.8599 
1699174981607460             32.8599 32.8599 32.8599 32.8599 32.8599 32.8599 
1699174981621790             32.8599 32.8599 32.8599 32.8599 32.8599 32.8599 
1699174981628380             32.8599 32.8599 32.8599 32.8599 32.8599 32.8599 
1699174981639510             32.8599 32.8599 32.8599 32.8599 32.8599 32.8599 
1699174981676660             32.8599 32.8599 32.8599 32.8599 32.8599 32.8599 
1699174981683940             32.8599 32.8599 32.8599 32.8599 32.8599 32.8599 
1699174981705030             32.8599 32.8599 32.8599 32.8599 32.8599 32.8599 
1699174981707460             32.8599 32.8599 32.8599 32.8599 32.8599 32.8599 
1699174981723590             32.8599 32.8599 32.8599 32.8599 32.8599 32.8599 
1699174981730500             32.8599 32.8599 32.8599 32.8599 32.8599 32.8599 
1699174981752650             32.8599 32.8599 32.8599 32.8599 32.8599 32.8599 
1699174981796690             32.8599 32.8599 32.8599 32.8599 32.8599 32.8599 
1699174981806960             32.8599 32.8599 32.8599 32.8599 32.8599 32.8599 
1699174981839780             32.8599 32.8599 32.8599 32.8599 32.8599 32.8599 
1699174981862800             32.8599 32.8599 32.8599 32.8599 32.8599 32.8599 
1699174981884680             32.8599 32.8599 32.8599 32.8599 32.8599 32.8599 
1699174981885480             32.8599 32.8599 32.8599 32.8599 32.8599 32.8599 
1699174981903470             32.8599 32.8599 32.8599 32.8599 32.8599 32.8599 
1699174981930570             32.8599 32.8599 32.8599 32.8599 32.8599 32.8599 
1699174981950850             32.8599 32.8599 32.8599 32.8599 32.8599 32.8599 
1699174981963850             32.8599 32.8599 32.8599 32.8599 32.8599 32.8599 
1699174981969130             32.8599 32.8599 32.8599 32.8599 32.8599 32.8599 
1699174981997710             32.8599 32.8599 32.8599 32.8599 32.8599 32.8599 
1699174982006770             32.8599 32.8599 32.8599 32.8599 32.8599 32.8599 
1699174982042400             32.8599 32.8599 32.8599 32.8599 32.8599 32.8599 
1699174982072650             32.8599 32.8599 32.8599 32.8599 32.8599 32.8599 
1699174982075000             32.8599 32.8599 32.8599 32.8599 32.8599 32.8599 
1699174982085300             32.8599 32.8599 32.8599 32.8599 32.8599 32.8599 
1699174982093830             32.8599 32.8599 32.8599 32.8599 32.8599 32.8599 
1699174982109850             32.8599 32.8599 32.8599 32.8599 32.8599 32.8599 
1699174982119530             32.8599 32.8599 32.8599 32.8599 32.8599 32.8599 
1699174982129450             32.8599 32.8599 32.8599 32.8599 32.8599 32.8599 
1699174982151740             32.8599 32.8599 32.8599 32.8599 32.8599 32.8599 
1699174982161690             32.8599 32.8599 32.8599 32.8599 32.8599 32.8599 
1699174982184390             32.8599 32.8599 32.8599 32.8599 32.8599 32.8599 
1699174982207660             32.8599 32.8599 32.8599 32.8599 32.8599 32.8599 
1699174982229430             32.8599 32.8599 32.8599 32.8599 32.8599 32.8599 
1699174982248200             32.8599 32.8599 32.8599 32.8599 32.8599 32.8599 
1699174982296260             32.8599 32.8599 32.8599 32.8599 32.8599 32.8599 
1699174982317000             32.8599 32.8599 32.8599 32.8599 32.8599 32.8599 
1699174982373090             32.8599 32.8599 32.8599 32.8599 32.8599 32.8599 
1699174982386010             32.8599 32.8599 32.8599 32.8599 32.8599 32.8599 
1699174982428510             32.8599 32.8599 32.8599 32.8599 32.8599 32.8599 
1699174982449390             32.8599 32.8599 32.8599 32.8599 32.8599 32.8599 
1699174982474160             32.8599 32.8599 32.8599 32.8599 32.8599 32.8599 
1699174982495160             32.8599 32.8599 32.8599 32.8599 32.8599 32.8599 
1699174982560020             32.8599 32.8599 32.8599 32.8599 32.8599 32.8599 
1699174982573830             32.8599 32.8599 32.8599 32.8599 32.8599 32.8599 
1699174982594240             32.8599 32.8599 32.8599 32.8599 32.8599 32.8599 
1699174982616130             32.8599 32.8599 32.8599 32.8599 32.8599 32.8599 
1699174982658790             32.8599 32.8599 32.8599 32.8599 32.8599 32.8599 
1699174982682630             32.8599 32.8599 32.8599 32.8599 32.8599 32.8599 
1699174982707780             32.8599 32.8599 32.8599 32.8599 32.8599 32.8599 
1699174982771340             32.8599 32.8599 32.8599 32.8599 32.8599 32.8599 
1699174982790560             32.8599 32.8599 32.8599 32.8599 32.8599 32.8599 
1699174982804220             32.8599 32.8599 32.8599 32.8599 32.8599 32.8599 
1699174982818100             32.8599 32.8599 32.8599 32.8599 32.8599 32.8599 
1699174982854560             32.8599 32.8599 32.8599 32.8599 32.8599 32.8599 
1699174982861170             32.8599 32.8599 32.8599 32.8599 32.8599 32.8599 
1699174982872130             32.8599 32.8599 32.8599 32.8599 32.8599 32.8599 
1699174982890630             32.8599 32.8599 32.8599 32.8599 32.8599 90.8595 
1699174982901370             32.8599 32.8599 32.8599 32.8599 32.8599 32.8599 
1699174982915830             32.8599 32.8599 32.8599 32.8599 32.8599 32.8599 
1699174982917810             32.8599 32.8599 32.8599 32.8599 32.8599 32.8599 
1699174982939210             32.8599 32.8599 32.8599 32.8599 32.8599 32.8599 
1699174982960850             32.8599 32.8599 32.8599 32.8599 32.8599 32.8599 
1699174982978210             32.8599 32.8599 32.8599 32.8599 32.8599 32.8599 
1699174983004730             32.8599 32.8599 32.8599 32.8599 32.8599 32.8599 
1699174983027220             32.8599 32.8599 32.8599 32.8599 32.8599 32.8599 
1699174983059560             32.8599 32.8599 32.8599 32.8599 32.8599 32.8599 
1699174983074800             32.8599 32.8599 32.8599 32.8599 32.8599 32.8599 
1699174983104350             32.8599 32.8599 32.8599 32.8599 32.8599 32.8599 
1699174983125220             32.8599 32.8599 32.8599 32.8599 32.8599 32.8599 
1699174983139900             32.8599 32.8599 32.8599 32.8599 32.8599 32.8599 
1699174983160650             32.8599 32.8599 32.8599 32.8599 32.8599 32.8599 
1699174983193340             32.8599 32.8599 32.8599 32.8599 32.8599 32.8599 
1699174983202230             32.8599 32.8599 32.8599 32.8599 32.8599 32.8599 
1699174983205250             32.8599 32.8599 32.8599 32.8599 32.8599 32.8599 
1699174983217120             32.8599 32.8599 32.8599 32.8599 32.8599 32.8599 
1699174983280710             32.8599 32.8599 32.8599 32.8599 32.8599 32.8599 
1699174983284230             32.8599 32.8599 32.8599 32.8599 32.8599 32.8599 
1699174983361270             32.8599 32.8599 32.8599 32.8599 32.8599 32.8599 
1699174983381330             32.8599 32.8599 32.8599 32.8599 32.8599 32.8599 
1699174983413510             32.8599 32.8599 32.8599 32.8599 32.8599 32.8599 
1699174983426140             32.8599 32.8599 32.8599 32.8599 32.8599 32.8599 
1699174983467940             32.8599 32.8599 32.8599 32.8599 32.8599 32.8599 
1699174983500850             32.8599 32.8599 32.8599 32.8599 32.8599 32.8599 
1699174983538570             32.8599 32.8599 32.8599 32.8599 32.8599 32.8599 
1699174983548440             32.8599 32.8599 32.8599 32.8599 32.8599 32.8599 
1699174983559320             32.8599 32.8599 32.8599 32.8599 32.8599 32.8599 
1699174983563580             32.8599 32.8599 32.8599 32.8599 32.8599 32.8599 
1699174983581090             32.8599 32.8599 32.8599 32.8599 32.8599 32.8599 
1699174983584080             32.8599 32.8599 32.8599 32.8599 32.8599 32.8599 
1699174983614940             32.8599 32.8599 32.8599 32.8599 32.8599 32.8599 
1699174983629330             32.8599 32.8599 32.8599 32.8599 32.8599 32.8599 
1699174983631460             32.8599 32.8599 32.8599 32.8599 32.8599 32.8599 
1699174983747700             32.8599 32.8599 32.8599 32.8599 32.8599 32.8599 
1699174983771000             32.8599 32.8599 32.8599 32.8599 32.8599 32.8599 
1699174983905480             32.8599 32.8599 32.8599 32.8599 32.8599 32.8599 
1699174983937240             32.8599 32.8599 32.8599 32.8599 32.8599 32.8599 
1699174983946300             32.8599 32.8599 32.8599 32.8599 32.8599 32.8599 
1699174983982350             32.8599 32.8599 32.8599 32.8599 32.8599 32.8599 
1699174984036300             32.8599 32.8599 32.8599 32.8599 32.8599 32.8599 
1699174984114920             32.8599 32.8599 32.8599 32.8599 32.8599 32.8599 
1699174984122740             32.8599 32.8599 32.8599 32.8599 32.8599 32.8599 
1699174984145790             32.8599 32.8599 32.8599 32.8599 32.8599 32.8599 
1699174984168560             32.8599 32.8599 32.8599 32.8599 32.8599 32.8599 
1699174984236140             32.8599 32.8599 32.8599 32.8599 32.8599 32.8599 
1699174984236380             32.8599 32.8599 32.8599 32.8599 32.8599 32.8599 
1699174984259560             32.8599 32.8599 32.8599 32.8599 32.8599 32.8599 
1699174984276390             32.8599 32.8599 32.8599 32.8599 32.8599 32.8599 
1699174984290700             32.8599 32.8599 32.8599 32.8599 32.8599 32.8599 
1699174984314440             32.8599 32.8599 32.8599 32.8599 32.8599 32.8599 
1699174984335560             32.8599 32.8599 32.8599 32.8599 32.8599 32.8599 
1699174984357570             32.8599 32.8599 32.8599 32.8599 32.8599 32.8599 
1699174984391350             32.8599 32.8599 32.8599 32.8599 32.8599 32.8599 
1699174984404150             32.8599 32.8599 32.8599 32.8599 32.8599 32.8599 
1699174984410660             32.8599 32.8599 32.8599 32.8599 32.8599 32.8599 
1699174984421370             32.8599 32.8599 32.8599 32.8599 32.8599 32.8599 
1699174984433880             32.8599 32.8599 32.8599 32.8599 32.8599 32.8599 
1699174984435030             32.8599 32.8599 32.8599 32.8599 32.8599 32.8599 
1699174984449830             32.8599 32.8599 32.8599 32.8599 32.8599 32.8599 
1699174984455780             32.8599 32.8599 32.8599 32.8599 32.8599 32.8599 
1699174984473010             32.8599 32.8599 32.8599 32.8599 32.8599 32.8599 
1699174984476780             32.8599 32.8599 32.8599 32.8599 32.8599 32.8599 
1699174984490610             32.8599 32.8599 32.8599 32.8599 32.8599 32.8599 
1699174984495160             32.8599 32.8599 32.8599 32.8599 32.8599 32.8599 
1699174984505050             32.8599 32.8599 32.8599 32.8599 32.8599 32.8599 
1699174984523090             32.8599 32.8599 32.8599 32.8599 32.8599 32.8599 
1699174984527520             32.8599 32.8599 32.8599 32.8599 32.8599 32.8599 
1699174984535040             32.8599 32.8599 32.8599 32.8599 32.8599 32.8599 
1699174984547260             32.8599 32.8599 32.8599 32.8599 32.8599 32.8599 
1699174984559720             32.8599 32.8599 32.8599 32.8599 90 32.8599 
1699174984564820             32.8599 32.8599 90.2865 32.8599 83.5406 32.8599 
1699174984578290             89.1405 32.8599 32.8599 103.003 32.8599 89.1405 
1699174984584310             32.8599 32.8599 32.8599 89.1405 32.8599 32.8599 
1699174984598180             32.8599 32.8599 32.8599 32.8599 32.8599 32.8599 
1699174984612860             32.8599 90 32.8599 32.8599 32.8599 32.8599 
1699174984614140             32.8599 32.8599 32.8599 32.8599 32.8599 32.8599 
1699174984632490             32.8599 32.8599 32.8599 32.8599 32.8599 32.8599 
1699174984636720             32.8599 32.8599 32.8599 32.8599 32.8599 32.8599 
1699174984652410             32.8599 32.8599 32.8599 32.8599 32.8599 32.8599 
1699174984654760             32.8599 32.8599 32.8599 32.8599 32.8599 32.8599 
1699174984669300             32.8599 32.8599 32.8599 32.8599 32.8599 32.8599 
1699174984677660             32.8599 32.8599 32.8599 32.8599 32.8599 32.8599 
1699174984684380             32.8599 32.8599 32.8599 32.8599 32.8599 32.8599 
1699174984701320             32.8599 32.8599 32.8599 32.8599 32.8599 32.8599 
1699174984702830             32.8599 32.8599 32.8599 32.8599 32.8599 32.8599 
1699174984714310             32.8599 32.8599 32.8599 32.8599 32.8599 32.8599 
1699174984731100             32.8599 32.8599 90 90.8595 32.8599 32.8599 
1699174984734220             90.8595 89.5703 90 32.8599 89.5703 91.7191 
1699174984750960             32.8599 32.8599 32.8599 32.8599 32.8599 32.8599 
1699174984757340             32.8599 32.8599 32.8599 32.8599 32.8599 32.8599 
1699174984763890             32.8599 32.8599 32.8599 32.8599 90.8595 32.8599 
1699174984777290             32.8599 32.8599 32.8599 32.8599 32.8599 32.8599 
1699174984790880             32.8599 32.8599 32.8599 32.8599 32.8599 32.8599 
1699174984800540             32.8599 32.8599 32.8599 32.8599 32.8599 32.8599 
1699174984802210             32.8599 32.8599 32.8599 32.8599 32.8599 32.8599 
1699174984819420             32.8599 32.8599 32.8599 32.8599 32.8599 32.8599 
1699174984826230             32.8599 32.8599 32.8599 32.8599 32.8599 32.8599 
1699174984835310             32.8599 32.8599 32.8599 32.8599 32.8599 32.8599 
1699174984846410             32.8599 32.8599 32.8599 32.8599 32.8599 32.8599 
1699174984858810             32.8599 32.8599 32.8599 32.8599 32.8599 32.8599 
1699174984868890             32.8599 32.8599 32.8599 32.8599 32.8599 32.8599 
1699174984871780             32.8599 32.8599 32.8599 32.8599 32.8599 32.8599 
1699174984897290             32.8599 32.8599 32.8599 32.8599 32.8599 32.8599 
1699174984901210             32.8599 32.8599 32.8599 32.8599 32.8599 32.8599 
1699174984915110             32.8599 32.8599 32.8599 32.8599 32.8599 32.8599 
1699174984920650             32.8599 32.8599 32.8599 32.8599 32.8599 32.8599 
1699174984930660             32.8599 32.8599 32.8599 32.8599 32.8599 32.8599 
1699174984948090             32.8599 32.8599 32.8599 32.8599 32.8599 32.8599 
1699174984958440             32.8599 32.8599 32.8599 32.8599 32.8599 32.8599 
1699174984969630             32.8599 32.8599 32.8599 32.8599 32.8599 32.8599 
1699174984970980             32.8599 32.8599 32.8599 32.8599 32.8599 32.8599 
1699174984983810             32.8599 32.8599 32.8599 32.8599 32.8599 32.8599 
1699174984992970             32.8599 32.8599 32.8599 32.8599 32.8599 32.8599 
1699174985004290             32.8599 32.8599 32.8599 32.8599 32.8599 32.8599 
1699174985012920             32.8599 32.8599 32.8599 32.8599 32.8599 32.8599 
1699174985030710             32.8599 32.8599 32.8599 32.8599 32.8599 32.8599 
1699174985041650             32.8599 32.8599 32.8599 32.8599 32.8599 32.8599 
1699174985056620             32.8599 32.8599 32.8599 32.8599 32.8599 32.8599 
1699174985079750             32.8599 32.8599 32.8599 32.8599 32.8599 32.8599 
1699174985099350             32.8599 32.8599 32.8599 32.8599 32.8599 32.8599 
1699174985113600             32.8599 32.8599 32.8599 32.8599 32.8599 32.8599 
1699174985121970             32.8599 32.8599 32.8599 32.8599 32.8599 32.8599 
1699174985170330             32.8599 32.8599 32.8599 32.8599 32.8599 32.8599 
1699174985212980             32.8599 32.8599 32.8599 32.8599 32.8599 32.8599 
1699174985233650             32.8599 32.8599 32.8599 32.8599 32.8599 32.8599 
1699174985267770             32.8599 32.8599 32.8599 32.8599 32.8599 32.8599 
1699174985269430                  90 89.1405 89.7135 90.8595 32.8599 90.8595 
1699174985280660             32.8599 32.8599 32.8599 32.8599 32.8599 32.8599 
1699174985296740             32.8599 32.8599 32.8599 32.8599 32.8599 32.8599 
1699174985298680             32.8599 32.8599 32.8599 32.8599 32.8599 32.8599 
1699174985334970             32.8599 32.8599 32.8599 32.8599 32.8599 32.8599 
1699174985355030             32.8599 32.8599 32.8599 32.8599 32.8599 32.8599 
1699174985358680             32.8599 32.8599 32.8599 32.8599 32.8599 32.8599 
1699174985377280             32.8599 32.8599 32.8599 32.8599 32.8599 32.8599 
1699174985445660             32.8599 32.8599 32.8599 32.8599 32.8599 32.8599 
1699174985498440             32.8599 32.8599 32.8599 32.8599 32.8599 32.8599 
1699174985523800             32.8599 32.8599 32.8599 32.8599 32.8599 32.8599 
1699174985549240             32.8599 32.8599 32.8599 32.8599 32.8599 32.8599 
1699174985566680             32.8599 32.8599 32.8599 32.8599 32.8599 32.8599 
1699174985578520             32.8599 32.8599 32.8599 32.8599 32.8599 32.8599 
1699174985597510             32.8599 32.8599 32.8599 32.8599 32.8599 32.8599 
1699174985614040             32.8599 32.8599 32.8599 32.8599 32.8599 32.8599 
1699174985662820             32.8599 32.8599 32.8599 32.8599 32.8599 32.8599 
1699174985667040             32.8599 32.8599 32.8599 32.8599 32.8599 32.8599 
1699174985689850             32.8599 32.8599 32.8599 32.8599 32.8599 32.8599 
1699174985708650             32.8599 32.8599 32.8599 32.8599 32.8599 32.8599 
1699174985720870             32.8599 32.8599 32.8599 32.8599 32.8599 32.8599 
1699174985743600             32.8599 32.8599 32.8599 32.8599 32.8599 32.8599 
1699174985746660             32.8599 32.8599 32.8599 32.8599 32.8599 32.8599 
1699174985755840             32.8599 32.8599 32.8599 32.8599 32.8599 32.8599 
1699174985778280             32.8599 32.8599 32.8599 32.8599 32.8599 32.8599 
1699174985858860             32.8599 32.8599 32.8599 32.8599 32.8599 32.8599 
1699174985879380             32.8599 32.8599 32.8599 32.8599 32.8599 32.8599 
1699174985899790             32.8599 32.8599 32.8599 32.8599 32.8599 32.8599 
1699174985933760             32.8599 32.8599 32.8599 32.8599 32.8599 32.8599 
1699174985954020             32.8599 32.8599 32.8599 32.8599 32.8599 32.8599 
1699174985979970             32.8599 32.8599 32.8599 32.8599 32.8599 32.8599 
1699174986010680             32.8599 32.8599 32.8599 32.8599 32.8599 32.8599 
1699174986023290             32.8599 32.8599 32.8599 32.8599 32.8599 32.8599 
1699174986034650             32.8599 32.8599 32.8599 32.8599 32.8599 32.8599 
1699174986046420             32.8599 32.8599 32.8599 32.8599 32.8599 32.8599 
1699174986055030             32.8599 32.8599 32.8599 32.8599 32.8599 32.8599 
1699174986067830             32.8599 32.8599 32.8599 32.8599 32.8599 32.8599 
1699174986078550             32.8599 32.8599 32.8599 32.8599 32.8599 32.8599 
1699174986089920             32.8599 32.8599 32.8599 32.8599 32.8599 32.8599 
1699174986100460             32.8599 32.8599 32.8599 32.8599 32.8599 32.8599 
1699174986107080             32.8599 32.8599 32.8599 32.8599 32.8599 32.8599 
1699174986112570             32.8599 32.8599 32.8599 32.8599 32.8599 32.8599 
1699174986122550             32.8599 32.8599 32.8599 32.8599 32.8599 32.8599 
1699174986137510             32.8599 32.8599 32.8599 32.8599 32.8599 32.8599 
1699174986144610             32.8599 32.8599 32.8599 32.8599 32.8599 32.8599 
1699174986169150             32.8599 32.8599 32.8599 32.8599 32.8599 32.8599 
1699174986171000             32.8599 32.8599 32.8599 32.8599 32.8599 32.8599 
1699174986188200             32.8599 32.8599 32.8599 32.8599 32.8599 32.8599 
1699174986199520             32.8599 32.8599 32.8599 32.8599 32.8599 32.8599 
1699174986201210             32.8599 32.8599 32.8599 32.8599 32.8599 32.8599 
1699174986218790             32.8599 32.8599 32.8599 32.8599 32.8599 32.8599 
1699174986220320             32.8599 32.8599 32.8599 32.8599 32.8599 32.8599 
1699174986235640             32.8599 32.8599 32.8599 32.8599 32.8599 32.8599 
1699174986244060             32.8599 32.8599 32.8599 32.8599 32.8599 32.8599 
1699174986255630             32.8599 32.8599 32.8599 32.8599 32.8599 32.8599 
1699174986267160             32.8599 32.8599 32.8599 32.8599 32.8599 32.8599 
1699174986274340             32.8599 32.8599 32.8599 32.8599 32.8599 32.8599 
1699174986288440             32.8599 32.8599 32.8599 32.8599 32.8599 32.8599 
1699174986289980             32.8599 32.8599 32.8599 32.8599 32.8599 32.8599 
1699174986302540             32.8599 32.8599 32.8599 32.8599 32.8599 32.8599 
1699174986312310             32.8599 32.8599 32.8599 32.8599 32.8599 32.8599 
1699174986321960             32.8599 32.8599 32.8599 32.8599 32.8599 32.8599 
1699174986344930             32.8599 32.8599 32.8599 32.8599 32.8599 32.8599 
1699174986355540             32.8599 32.8599 32.8599 32.8599 32.8599 32.8599 
1699174986368740             32.8599 32.8599 32.8599 32.8599 32.8599 32.8599 
1699174986376850             32.8599 32.8599 32.8599 32.8599 32.8599 32.8599 
1699174986379660             32.8599 32.8599 32.8599 32.8599 32.8599 32.8599 
1699174986396360             32.8599 32.8599 32.8599 32.8599 32.8599 32.8599 
1699174986401760             32.8599 32.8599 32.8599 32.8599 32.8599 32.8599 
1699174986425830             32.8599 32.8599 32.8599 32.8599 32.8599 32.8599 
1699174986430970             32.8599 32.8599 32.8599 32.8599 32.8599 32.8599 
1699174986445520             32.8599 32.8599 32.8599 32.8599 32.8599 32.8599 
1699174986453550             32.8599 32.8599 32.8599 32.8599 32.8599 32.8599 
1699174986468060             32.8599 32.8599 32.8599 32.8599 32.8599 32.8599 
1699174986484290             32.8599 32.8599 32.8599 32.8599 32.8599 32.8599 
1699174986489000             32.8599 32.8599 32.8599 32.8599 32.8599 32.8599 
1699174986513500             32.8599 32.8599 32.8599 32.8599 32.8599 32.8599 
1699174986523140             32.8599 32.8599 32.8599 32.8599 32.8599 32.8599 
1699174986535150             32.8599 32.8599 32.8599 32.8599 32.8599 32.8599 
1699174986543560             32.8599 32.8599 32.8599 32.8599 32.8599 32.8599 
1699174986556460             32.8599 32.8599 32.8599 32.8599 32.8599 32.8599 
1699174986563920             32.8599 32.8599 32.8599 32.8599 32.8599 32.8599 
1699174986568160             32.8599 32.8599 32.8599 32.8599 32.8599 32.8599 
1699174986577430             32.8599 32.8599 32.8599 32.8599 32.8599 32.8599 
1699174986593910             32.8599 32.8599 32.8599 32.8599 32.8599 32.8599 
1699174986597150             32.8599 32.8599 32.8599 32.8599 32.8599 32.8599 
1699174986610840             32.8599 32.8599 32.8599 32.8599 32.8599 32.8599 
1699174986643670             32.8599 32.8599 32.8599 32.8599 32.8599 32.8599 
1699174986654270             32.8599 32.8599 32.8599 32.8599 32.8599 32.8599 
1699174986663240             32.8599 32.8599 32.8599 32.8599 32.8599 32.8599 
1699174986668200             32.8599 32.8599 32.8599 32.8599 32.8599 32.8599 
1699174986682440             32.8599 32.8599 32.8599 32.8599 32.8599 32.8599 
1699174986688450             32.8599 32.8599 32.8599 32.8599 32.8599 32.8599 
1699174986698510             32.8599 32.8599 32.8599 32.8599 32.8599 32.8599 
1699174986711460             32.8599 32.8599 32.8599 32.8599 32.8599 32.8599 
1699174986726040             32.8599 32.8599 32.8599 32.8599 32.8599 32.8599 
1699174986735320             32.8599 32.8599 32.8599 32.8599 32.8599 32.8599 
1699174986767740             32.8599 32.8599 32.8599 32.8599 32.8599 32.8599 
1699174986800400             32.8599 32.8599 32.8599 32.8599 32.8599 32.8599 
1699174986809800             32.8599 32.8599 32.8599 32.8599 32.8599 32.8599 
1699174986822270             32.8599 32.8599 32.8599 32.8599 32.8599 32.8599 
1699174986830690             32.8599 32.8599 32.8599 32.8599 32.8599 32.8599 
1699174986843750             32.8599 32.8599 32.8599 32.8599 32.8599 32.8599 
1699174986850030             32.8599 32.8599 32.8599 32.8599 32.8599 32.8599 
1699174986873230             32.8599 32.8599 32.8599 32.8599 32.8599 32.8599 
1699174986875880             32.8599 32.8599 32.8599 32.8599 32.8599 32.8599 
1699174986907820             32.8599 32.8599 32.8599 32.8599 32.8599 32.8599 
1699174986931030             32.8599 32.8599 32.8599 32.8599 32.8599 32.8599 
1699174986943530             32.8599 32.8599 32.8599 32.8599 32.8599 32.8599 
1699174986954220             32.8599 32.8599 32.8599 32.8599 32.8599 32.8599 
1699174986955550             32.8599 32.8599 32.8599 32.8599 32.8599 32.8599 
1699174986965120             32.8599 32.8599 32.8599 32.8599 32.8599 32.8599 
1699174986975830             32.8599 32.8599 32.8599 32.8599 32.8599 32.8599 
1699174986987190             32.8599 32.8599 32.8599 32.8599 32.8599 32.8599 
1699174987009180             32.8599 32.8599 32.8599 32.8599 32.8599 32.8599 
1699174987022880             32.8599 32.8599 32.8599 32.8599 32.8599 32.8599 
1699174987025810             32.8599 32.8599 32.8599 32.8599 32.8599 32.8599 
1699174987063300             32.8599 32.8599 32.8599 32.8599 32.8599 32.8599 
1699174987063740             32.8599 32.8599 32.8599 32.8599 32.8599 32.8599 
1699174987075800             32.8599 32.8599 32.8599 32.8599 32.8599 32.8599 
1699174987088500             32.8599 32.8599 32.8599 32.8599 32.8599 32.8599 
1699174987097820             32.8599 32.8599 32.8599 32.8599 32.8599 32.8599 
1699174987107780             32.8599 32.8599 32.8599 32.8599 32.8599 32.8599 
1699174987114850             32.8599 32.8599 32.8599 32.8599 32.8599 32.8599 
1699174987130560             32.8599 32.8599 32.8599 32.8599 32.8599 32.8599 
1699174987133440             32.8599 32.8599 32.8599 32.8599 32.8599 32.8599 
1699174987143640             32.8599 32.8599 32.8599 32.8599 32.8599 32.8599 
1699174987163810             32.8599 32.8599 32.8599 32.8599 32.8599 32.8599 
1699174987187720             32.8599 32.8599 32.8599 32.8599 32.8599 32.8599 
1699174987210760             32.8599 32.8599 32.8599 32.8599 32.8599 32.8599 
1699174987219710             32.8599 32.8599 32.8599 32.8599 32.8599 32.8599 
1699174987226140             32.8599 32.8599 32.8599 32.8599 32.8599 32.8599 
1699174987265590             32.8599 32.8599 32.8599 32.8599 32.8599 32.8599 
1699174987310240             32.8599 32.8599 32.8599 32.8599 32.8599 32.8599 
1699174987319140             32.8599 32.8599 32.8599 32.8599 32.8599 32.8599 
1699174987321340             32.8599 32.8599 32.8599 32.8599 32.8599 32.8599 
1699174987332150             32.8599 32.8599 32.8599 32.8599 32.8599 32.8599 
1699174987353480             32.8599 32.8599 32.8599 32.8599 32.8599 32.8599 
1699174987365490             32.8599 32.8599 32.8599 32.8599 32.8599 32.8599 
1699174987374180             32.8599 32.8599 32.8599 32.8599 32.8599 32.8599 
1699174987386880             32.8599 32.8599 32.8599 32.8599 32.8599 32.8599 
1699174987407380             32.8599 32.8599 32.8599 32.8599 32.8599 32.8599 
1699174987411310             32.8599 32.8599 32.8599 32.8599 32.8599 32.8599 
1699174987452690             32.8599 32.8599 32.8599 32.8599 32.8599 32.8599 
1699174987464140             32.8599 32.8599 32.8599 32.8599 32.8599 32.8599 
1699174987498320             32.8599 32.8599 32.8599 32.8599 32.8599 32.8599 
1699174987503670             32.8599 32.8599 32.8599 32.8599 32.8599 32.8599 
1699174987509870             32.8599 32.8599 32.8599 32.8599 32.8599 32.8599 
1699174987532480             32.8599 32.8599 32.8599 32.8599 32.8599 32.8599 
1699174987574360             32.8599 32.8599 32.8599 32.8599 32.8599 32.8599 
1699174987589910             32.8599 32.8599 32.8599 32.8599 32.8599 32.8599 
1699174987601280             32.8599 32.8599 32.8599 32.8599 32.8599 32.8599 
1699174987621410             32.8599 32.8599 32.8599 32.8599 32.8599 32.8599 
1699174987629790             32.8599 32.8599 32.8599 32.8599 32.8599 32.8599 
1699174987648390             32.8599 32.8599 32.8599 32.8599 32.8599 32.8599 
1699174987648750             90.8595 89.5703 90 32.8599 89.5703 91.7191 
1699174987668450             32.8599 32.8599 32.8599 32.8599 32.8599 32.8599 
1699174987675710             32.8599 32.8599 32.8599 32.8599 32.8599 32.8599 
1699174987680110             32.8599 32.8599 32.8599 32.8599 32.8599 32.8599 
1699174987707940             32.8599 32.8599 32.8599 32.8599 32.8599 32.8599 
1699174987710220             32.8599 32.8599 32.8599 32.8599 32.8599 32.8599 
1699174987719980             32.8599 32.8599 32.8599 32.8599 32.8599 32.8599 
1699174987733430             32.8599 32.8599 32.8599 32.8599 32.8599 32.8599 
1699174987786670             32.8599 32.8599 32.8599 32.8599 32.8599 32.8599 
1699174987807170             32.8599 32.8599 32.8599 32.8599 32.8599 32.8599 
1699174987834340             32.8599 32.8599 32.8599 32.8599 32.8599 32.8599 
1699174987864690             32.8599 32.8599 32.8599 32.8599 32.8599 32.8599 
1699174987877660             32.8599 32.8599 32.8599 32.8599 32.8599 32.8599 
1699174987913730             32.8599 32.8599 32.8599 32.8599 32.8599 32.8599 
1699174987926450             32.8599 32.8599 32.8599 32.8599 32.8599 32.8599 
1699174987955140             32.8599 32.8599 32.8599 32.8599 32.8599 32.8599 
1699174987962130             32.8599 32.8599 32.8599 32.8599 32.8599 32.8599 
1699174987998790             32.8599 32.8599 32.8599 32.8599 32.8599 32.8599 
1699174988048160             32.8599 32.8599 32.8599 32.8599 32.8599 32.8599 
1699174988066650             32.8599 32.8599 32.8599 32.8599 32.8599 32.8599 
1699174988097230             32.8599 32.8599 32.8599 32.8599 32.8599 32.8599 
1699174988118130             32.8599 32.8599 32.8599 32.8599 32.8599 32.8599 
1699174988161430             32.8599 32.8599 32.8599 32.8599 32.8599 32.8599 
1699174988174450             32.8599 32.8599 32.8599 32.8599 32.8599 32.8599 
1699174988198990             32.8599 32.8599 32.8599 32.8599 32.8599 32.8599 
1699174988263570             32.8599 32.8599 32.8599 32.8599 32.8599 32.8599 
1699174988295790             32.8599 32.8599 32.8599 32.8599 32.8599 32.8599 
1699174988312550             32.8599 32.8599 32.8599 32.8599 32.8599 32.8599 
1699174988318060             32.8599 32.8599 32.8599 32.8599 32.8599 32.8599 
1699174988362620             32.8599 32.8599 32.8599 32.8599 32.8599 32.8599 
1699174988374580             32.8599 32.8599 32.8599 32.8599 32.8599 32.8599 
1699174988406030             32.8599 32.8599 32.8599 32.8599 32.8599 32.8599 
1699174988439750             32.8599 32.8599 32.8599 32.8599 32.8599 32.8599 
1699174988444840             32.8599 32.8599 32.8599 32.8599 32.8599 32.8599 
1699174988493340             32.8599 32.8599 32.8599 32.8599 32.8599 32.8599 
1699174988549730             32.8599 32.8599 32.8599 32.8599 32.8599 32.8599 
1699174988562770             32.8599 32.8599 32.8599 32.8599 32.8599 32.8599 
1699174988595720             32.8599 32.8599 32.8599 32.8599 32.8599 32.8599 
1699174988640120             32.8599 32.8599 32.8599 32.8599 32.8599 32.8599 
1699174988642280             32.8599 32.8599 32.8599 32.8599 32.8599 32.8599 
1699174988718360             32.8599 32.8599 32.8599 32.8599 32.8599 32.8599 
1699174988740530             32.8599 32.8599 32.8599 32.8599 32.8599 32.8599 
1699174988807670             32.8599 32.8599 32.8599 32.8599 32.8599 32.8599 
1699174988874980             32.8599 32.8599 32.8599 32.8599 32.8599 32.8599 
1699174988974260             32.8599 32.8599 32.8599 32.8599 32.8599 32.8599 
1699174989016280             32.8599 32.8599 32.8599 32.8599 32.8599 32.8599 
1699174989017610             32.8599 32.8599 32.8599 32.8599 32.8599 32.8599 
1699174989045000             32.8599 32.8599 32.8599 32.8599 32.8599 32.8599 
1699174989113920             32.8599 32.8599 32.8599 32.8599 32.8599 32.8599 
1699174989127660             32.8599 32.8599 32.8599 32.8599 32.8599 32.8599 
1699174989140360             32.8599 32.8599 32.8599 32.8599 32.8599 32.8599 
1699174989151120             32.8599 32.8599 32.8599 32.8599 32.8599 32.8599 
1699174989161000             32.8599 32.8599 32.8599 32.8599 32.8599 32.8599 
1699174989181260             32.8599 32.8599 32.8599 32.8599 32.8599 32.8599 
1699174989203010             32.8599 32.8599 32.8599 32.8599 32.8599 32.8599 
1699174989228620             32.8599 32.8599 32.8599 32.8599 32.8599 32.8599 
1699174989239160             32.8599 32.8599 32.8599 32.8599 32.8599 32.8599 
1699174989262760             32.8599 32.8599 32.8599 32.8599 32.8599 32.8599 
1699174989306030             32.8599 32.8599 32.8599 32.8599 32.8599 32.8599 
1699174989330710             32.8599 32.8599 32.8599 32.8599 32.8599 32.8599 
1699174989372370             32.8599 32.8599 32.8599 32.8599 32.8599 32.8599 
1699174989396190             32.8599 32.8599 32.8599 32.8599 32.8599 32.8599 
1699174989426400             32.8599 32.8599 32.8599 32.8599 32.8599 32.8599 
1699174989472980             32.8599 32.8599 32.8599 32.8599 32.8599 32.8599 
1699174989528720             32.8599 32.8599 32.8599 32.8599 32.8599 32.8599 
1699174989540220             32.8599 32.8599 32.8599 32.8599 32.8599 32.8599 
1699174989560950             32.8599 32.8599 32.8599 32.8599 32.8599 32.8599 
1699174989617780             32.8599 32.8599 32.8599 32.8599 32.8599 32.8599 
1699174989629720             32.8599 32.8599 32.8599 32.8599 32.8599 32.8599 
1699174989650330             32.8599 32.8599 32.8599 32.8599 32.8599 32.8599 
1699174989708230             32.8599 32.8599 32.8599 32.8599 32.8599 32.8599 
1699174989760750             32.8599 32.8599 32.8599 32.8599 32.8599 32.8599 
1699174989772620             32.8599 32.8599 32.8599 32.8599 32.8599 32.8599 
1699174989795740             32.8599 32.8599 32.8599 32.8599 32.8599 32.8599 
1699174989863380             32.8599 32.8599 32.8599 32.8599 32.8599 32.8599 
1699174989883550             32.8599 32.8599 32.8599 32.8599 32.8599 32.8599 
1699174989927200             32.8599 32.8599 32.8599 32.8599 32.8599 32.8599 
1699174989971500             32.8599 32.8599 32.8599 32.8599 32.8599 32.8599 
1699174990026940             32.8599 32.8599 32.8599 32.8599 32.8599 32.8599 
1699174990030170             32.8599 32.8599 32.8599 32.8599 32.8599 32.8599 
1699174990047150             32.8599 32.8599 32.8599 32.8599 32.8599 32.8599 
1699174990054610             32.8599 32.8599 32.8599 32.8599 32.8599 32.8599 
1699174990060770             32.8599 32.8599 32.8599 32.8599 32.8599 32.8599 
1699174990072710             32.8599 32.8599 32.8599 32.8599 32.8599 32.8599 
1699174990087970             32.8599 32.8599 32.8599 32.8599 32.8599 32.8599 
1699174990106340             32.8599 32.8599 32.8599 32.8599 32.8599 32.8599 
1699174990128080             32.8599 32.8599 32.8599 32.8599 32.8599 32.8599 
1699174990184970             32.8599 32.8599 32.8599 32.8599 32.8599 32.8599 
1699174990231560             32.8599 32.8599 32.8599 32.8599 32.8599 32.8599 
1699174990314980             32.8599 32.8599 32.8599 32.8599 32.8599 32.8599 
1699174990348750             32.8599 32.8599 32.8599 32.8599 32.8599 32.8599 
1699174990364360             32.8599 32.8599 32.8599 32.8599 32.8599 32.8599 
1699174990410370             32.8599 32.8599 32.8599 32.8599 32.8599 32.8599 
1699174990429180             32.8599 32.8599 32.8599 32.8599 32.8599 32.8599 
1699174990485700             32.8599 32.8599 32.8599 32.8599 32.8599 32.8599 
1699174990487810             32.8599 32.8599 32.8599 32.8599 32.8599 32.8599 
1699174990503580             32.8599 32.8599 32.8599 32.8599 32.8599 32.8599 
1699174990505650             32.8599 32.8599 32.8599 32.8599 32.8599 32.8599 
1699174990521560             32.8599 32.8599 32.8599 32.8599 32.8599 32.8599 
1699174990529920             32.8599 32.8599 32.8599 32.8599 32.8599 32.8599 
1699174990543810             32.8599 32.8599 32.8599 90 32.8599 32.8599 
1699174990545970             32.8599 32.8599 32.8599 32.8599 32.8599 32.8599 
1699174990556490             32.8599 32.8599 32.8599 32.8599 32.8599 32.8599 
1699174990573120             32.8599 32.8599 32.8599 32.8599 32.8599 32.8599 
1699174990575040                  90 32.8599 32.8599 32.8599 32.8599 32.8599 
1699174990594690             32.8599 32.8599 32.8599 32.8599 32.8599 32.8599 
1699174990599960             32.8599 32.8599 32.8599 32.8599 32.8599 32.8599 
1699174990613350             32.8599 32.8599 32.8599 32.8599 32.8599 32.8599 
1699174990619070             32.8599 90 94.3012 32.8599 90 32.8599 
1699174990625990             32.8599 90 32.8599 32.8599 32.8599 32.8599 
1699174990643610             32.8599 32.8599 32.8599 32.8599 32.8599 32.8599 
1699174990647650             32.8599 32.8599 32.8599 32.8599 32.8599 89.1405 
1699174990663550             32.8599 32.8599 32.8599 32.8599 32.8599 32.8599 
1699174990664910             32.8599 32.8599 32.8599 32.8599 32.8599 32.8599 
1699174990682840             32.8599 32.8599 32.8599 32.8599 32.8599 32.8599 
1699174990684180             32.8599 32.8599 32.8599 32.8599 32.8599 32.8599 
1699174990700510             32.8599 32.8599 32.8599 32.8599 32.8599 32.8599 
1699174990704150             32.8599 32.8599 32.8599 32.8599 32.8599 32.8599 
1699174990723390             32.8599 32.8599 32.8599 32.8599 32.8599 32.8599 
1699174990724010             32.8599 32.8599 32.8599 90 32.8599 32.8599 
1699174990738730             32.8599 32.8599 32.8599 32.8599 32.8599 32.8599 
1699174990753060             32.8599 32.8599 32.8599 32.8599 32.8599 32.8599 
1699174990759000             32.8599 32.8599 32.8599 32.8599 32.8599 32.8599 
1699174990772120             32.8599 32.8599 32.8599 32.8599 32.8599 32.8599 
1699174990780190             32.8599 32.8599 32.8599 32.8599 32.8599 32.8599 
1699174990785010             32.8599 32.8599 32.8599 32.8599 32.8599 32.8599 
1699174990802720             32.8599 32.8599 90 32.8599 32.8599 32.8599 
1699174990805920             32.8599 89.5703 90 90.8595 32.8599 32.8599 
1699174990820970             32.8599 32.8599 32.8599 32.8599 32.8599 32.8599 
1699174990832250             32.8599 32.8599 32.8599 32.8599 32.8599 32.8599 
1699174990835730             32.8599 32.8599 32.8599 32.8599 32.8599 32.8599 
1699174990843100             32.8599 32.8599 32.8599 32.8599 32.8599 32.8599 
1699174990855450             32.8599 32.8599 32.8599 32.8599 32.8599 32.8599 
1699174990867670             32.8599 32.8599 32.8599 32.8599 32.8599 32.8599 
1699174990880070             32.8599 32.8599 32.8599 32.8599 32.8599 32.8599 
1699174990886270             32.8599 32.8599 32.8599 32.8599 32.8599 32.8599 
1699174990896550             32.8599 32.8599 32.8599 32.8599 32.8599 32.8599 
1699174990903280             32.8599 32.8599 32.8599 32.8599 32.8599 32.8599 
1699174990915240             32.8599 32.8599 32.8599 32.8599 32.8599 32.8599 
1699174990931210             32.8599 32.8599 32.8599 32.8599 32.8599 32.8599 
1699174990932560             32.8599 32.8599 32.8599 32.8599 32.8599 32.8599 
1699174990950040             32.8599 32.8599 32.8599 32.8599 32.8599 32.8599 
1699174990955340             32.8599 32.8599 32.8599 32.8599 32.8599 32.8599 
1699174990969240             32.8599 32.8599 32.8599 32.8599 32.8599 32.8599 
1699174990979150             32.8599 32.8599 32.8599 32.8599 32.8599 32.8599 
1699174990983610             32.8599 32.8599 32.8599 32.8599 32.8599 32.8599 
1699174991008030             21.5652 21.5652 21.5652 21.5652 21.5652 21.5652 
1699174991020040             21.5652 21.5652 21.5652 21.5652 21.5652 21.5652 
1699174991039470             21.5652 21.5652 21.5652 21.5652 21.5652 21.5652 
1699174991043810             21.5652 21.5652 21.5652 21.5652 21.5652 21.5652 
1699174991055940             21.5652 21.5652 21.5652 21.5652 21.5652 21.5652 
1699174991061280             21.5652 21.5652 21.5652 21.5652 21.5652 21.5652 
1699174991075500             21.5652 21.5652 21.5652 21.5652 21.5652 21.5652 
1699174991083910             21.5652 21.5652 21.5652 21.5652 21.5652 21.5652 
1699174991098340             21.5652 21.5652 21.5652 21.5652 21.5652 21.5652 
1699174991106550             21.5652 21.5652 21.5652 21.5652 21.5652 21.5652 
1699174991129000             21.5652 21.5652 21.5652 21.5652 21.5652 21.5652 
1699174991150090             21.5652 21.5652 21.5652 21.5652 21.5652 21.5652 
1699174991162760             21.5652 21.5652 21.5652 21.5652 21.5652 21.5652 
1699174991185100             21.5652 21.5652 21.5652 21.5652 21.5652 21.5652 
1699174991195430             21.5652 21.5652 21.5652 21.5652 21.5652 21.5652 
1699174991215770             21.5652 21.5652 21.5652 21.5652 21.5652 21.5652 
1699174991228670             21.5652 21.5652 21.5652 21.5652 21.5652 21.5652 
1699174991245680             21.5652 21.5652 21.5652 21.5652 21.5652 21.5652 
1699174991274910             21.5652 21.5652 21.5652 21.5652 21.5652 21.5652 
1699174991284430             21.5652 21.5652 21.5652 21.5652 21.5652 21.5652 
1699174991294770             21.5652 21.5652 21.5652 21.5652 21.5652 21.5652 
1699174991308630             21.5652 21.5652 21.5652 21.5652 21.5652 21.5652 
1699174991310620             21.5652 21.5652 21.5652 21.5652 21.5652 21.5652 
1699174991341470             21.5652 21.5652 21.5652 21.5652 21.5652 21.5652 
1699174991356370             21.5652 21.5652 21.5652 21.5652 21.5652 21.5652 
1699174991382840             21.5652 21.5652 21.5652 21.5652 21.5652 21.5652 
1699174991398190             21.5652 21.5652 21.5652 21.5652 21.5652 21.5652 
1699174991427610             21.5652 21.5652 21.5652 21.5652 21.5652 21.5652 
1699174991429110             21.5652 21.5652 21.5652 21.5652 21.5652 21.5652 
1699174991445970             21.5652 21.5652 21.5652 21.5652 21.5652 21.5652 
1699174991461710             21.5652 21.5652 21.5652 21.5652 21.5652 21.5652 
1699174991497970             21.5652 21.5652 21.5652 21.5652 21.5652 21.5652 
1699174991516900             21.5652 21.5652 21.5652 21.5652 21.5652 21.5652 
1699174991519720             21.5652 21.5652 21.5652 21.5652 21.5652 21.5652 
1699174991531040             21.5652 21.5652 21.5652 21.5652 21.5652 21.5652 
1699174991539840             21.5652 21.5652 21.5652 21.5652 21.5652 21.5652 
1699174991562560             21.5652 21.5652 21.5652 21.5652 21.5652 21.5652 
1699174991582150             21.5652 21.5652 21.5652 21.5652 21.5652 21.5652 
1699174991596360             21.5652 21.5652 21.5652 21.5652 21.5652 21.5652 
1699174991604010             21.5652 21.5652 21.5652 21.5652 21.5652 21.5652 
1699174991607000             21.5652 21.5652 21.5652 21.5652 21.5652 21.5652 
1699174991621330             21.5652 21.5652 21.5652 21.5652 21.5652 21.5652 
1699174991627920             21.5652 21.5652 21.5652 21.5652 21.5652 21.5652 
1699174991639050             21.5652 21.5652 21.5652 21.5652 21.5652 21.5652 
1699174991676200             21.5652 21.5652 21.5652 21.5652 21.5652 21.5652 
1699174991704570             21.5652 21.5652 21.5652 21.5652 21.5652 21.5652 
1699174991707000             21.5652 21.5652 21.5652 21.5652 21.5652 21.5652 
1699174991723130             21.5652 21.5652 21.5652 21.5652 21.5652 21.5652 
1699174991730040             21.5652 21.5652 21.5652 21.5652 21.5652 21.5652 
1699174991752190             21.5652 21.5652 21.5652 21.5652 21.5652 21.5652 
1699174991796230             21.5652 21.5652 21.5652 21.5652 21.5652 21.5652 
1699174991806500             21.5652 21.5652 21.5652 21.5652 21.5652 21.5652 
1699174991839320             21.5652 21.5652 21.5652 21.5652 21.5652 21.5652 
1699174991862340             21.5652 21.5652 21.5652 21.5652 21.5652 21.5652 
1699174991884220             21.5652 21.5652 21.5652 21.5652 21.5652 21.5652 
1699174991885020             21.5652 21.5652 21.5652 21.5652 21.5652 21.5652 
1699174991903010             21.5652 21.5652 21.5652 21.5652 21.5652 21.5652 
1699174991930110             21.5652 21.5652 21.5652 21.5652 21.5652 21.5652 
1699174991950390             21.5652 21.5652 21.5652 21.5652 21.5652 21.5652 
1699174991963390             21.5652 21.5652 21.5652 21.5652 21.5652 21.5652 
1699174991968670             21.5652 21.5652 21.5652 21.5652 21.5652 21.5652 
1699174991997250             21.5652 21.5652 21.5652 21.5652 21.5652 21.5652 
1699174992006310             21.5652 21.5652 21.5652 21.5652 21.5652 21.5652 
1699174992041940             21.5652 21.5652 21.5652 21.5652 21.5652 21.5652 
1699174992072190             21.5652 21.5652 21.5652 21.5652 21.5652 21.5652 
1699174992074540             21.5652 21.5652 21.5652 21.5652 21.5652 21.5652 
1699174992084840             21.5652 21.5652 21.5652 21.5652 21.5652 21.5652 
1699174992093370             21.5652 21.5652 21.5652 21.5652 21.5652 21.5652 
1699174992109390             21.5652 21.5652 21.5652 21.5652 21.5652 21.5652 
1699174992119070             21.5652 21.5652 21.5652 21.5652 21.5652 21.5652 
1699174992128990             21.5652 21.5652 21.5652 21.5652 21.5652 21.5652 
1699174992151280             21.5652 21.5652 21.5652 21.5652 21.5652 21.5652 
1699174992161230             21.5652 21.5652 21.5652 21.5652 21.5652 21.5652 
1699174992183930             21.5652 21.5652 21.5652 21.5652 21.5652 21.5652 
1699174992207200             21.5652 21.5652 21.5652 21.5652 21.5652 21.5652 
1699174992228970             21.5652 21.5652 21.5652 21.5652 21.5652 21.5652 
1699174992247740             21.5652 21.5652 21.5652 21.5652 21.5652 21.5652 
1699174992295800             21.5652 21.5652 21.5652 21.5652 21.5652 21.5652 
1699174992316540             21.5652 21.5652 21.5652 21.5652 21.5652 21.5652 
1699174992372630             21.5652 21.5652 21.5652 21.5652 21.5652 21.5652 
1699174992385550             21.5652 21.5652 21.5652 21.5652 21.5652 21.5652 
1699174992428050             21.5652 21.5652 21.5652 21.5652 21.5652 21.5652 
1699174992448930             21.5652 21.5652 21.5652 21.5652 21.5652 21.5652 
1699174992473700             21.5652 21.5652 21.5652 21.5652 21.5652 21.5652 
1699174992494700             21.5652 21.5652 21.5652 21.5652 21.5652 21.5652 
1699174992559560             21.5652 21.5652 21.5652 21.5652 21.5652 21.5652 
1699174992573370             21.5652 21.5652 21.5652 21.5652 21.5652 21.5652 
1699174992593780             21.5652 21.5652 21.5652 21.5652 21.5652 21.5652 
1699174992615670             21.5652 21.5652 21.5652 21.5652 21.5652 21.5652 
1699174992658330             21.5652 21.5652 21.5652 21.5652 21.5652 21.5652 
1699174992682170             21.5652 21.5652 21.5652 21.5652 21.5652 21.5652 
1699174992707320             21.5652 21.5652 21.5652 21.5652 21.5652 21.5652 
1699174992770880             21.5652 21.5652 21.5652 21.5652 21.5652 21.5652 
1699174992790100             21.5652 21.5652 21.5652 21.5652 21.5652 21.5652 
1699174992803760             21.5652 21.5652 21.5652 21.5652 21.5652 21.5652 
1699174992817640             21.5652 21.5652 21.5652 21.5652 21.5652 21.5652 
1699174992854100             21.5652 21.5652 21.5652 21.5652 21.5652 21.5652 
1699174992860710             21.5652 21.5652 21.5652 21.5652 21.5652 21.5652 
1699174992871670             21.5652 21.5652 21.5652 21.5652 21.5652 21.5652 
1699174992890170             21.5652 21.5652 21.5652 21.5652 21.5652 21.5652 
1699174992900910             21.5652 21.5652 21.5652 21.5652 21.5652 21.5652 
1699174992915370             21.5652 21.5652 21.5652 21.5652 21.5652 21.5652 
1699174992917350             21.5652 21.5652 21.5652 21.5652 21.5652 21.5652 
1699174992938750             21.5652 21.5652 21.5652 21.5652 21.5652 21.5652 
1699174992960390             21.5652 21.5652 21.5652 21.5652 21.5652 21.5652 
1699174992977750             21.5652 21.5652 21.5652 21.5652 21.5652 21.5652 
1699174992985660             21.5652 21.5652 21.5652 21.5652 21.5652 21.5652 
1699174993004270             21.5652 21.5652 21.5652 21.5652 21.5652 21.5652 
1699174993026760             21.5652 21.5652 21.5652 21.5652 21.5652 21.5652 
1699174993059100             21.5652 21.5652 21.5652 21.5652 21.5652 21.5652 
1699174993074340             21.5652 21.5652 21.5652 21.5652 21.5652 21.5652 
1699174993103890             21.5652 21.5652 21.5652 21.5652 21.5652 21.5652 
1699174993124760             21.5652 21.5652 21.5652 21.5652 21.5652 21.5652 
1699174993139440             21.5652 21.5652 21.5652 21.5652 21.5652 21.5652 
1699174993160190             21.5652 21.5652 21.5652 21.5652 21.5652 21.5652 
1699174993192880             21.5652 21.5652 21.5652 21.5652 21.5652 21.5652 
1699174993201770             21.5652 21.5652 21.5652 21.5652 21.5652 21.5652 
1699174993204790             21.5652 21.5652 21.5652 21.5652 21.5652 21.5652 
1699174993216660             21.5652 21.5652 21.5652 21.5652 21.5652 21.5652 
1699174993280250             21.5652 21.5652 21.5652 21.5652 21.5652 21.5652 
1699174993283770             21.5652 21.5652 21.5652 21.5652 21.5652 21.5652 
1699174993360810             21.5652 21.5652 21.5652 21.5652 21.5652 21.5652 
1699174993380870             21.5652 21.5652 21.5652 21.5652 21.5652 21.5652 
1699174993413050             21.5652 21.5652 21.5652 21.5652 21.5652 21.5652 
1699174993425680             21.5652 21.5652 21.5652 21.5652 21.5652 21.5652 
1699174993467480             21.5652 21.5652 21.5652 21.5652 21.5652 21.5652 
1699174993500390             21.5652 21.5652 21.5652 21.5652 21.5652 21.5652 
1699174993538110             21.5652 21.5652 21.5652 21.5652 21.5652 21.5652 
1699174993547980             21.5652 21.5652 21.5652 21.5652 21.5652 21.5652 
1699174993558860             21.5652 21.5652 21.5652 21.5652 21.5652 21.5652 
1699174993563120             21.5652 21.5652 21.5652 21.5652 21.5652 21.5652 
1699174993580630             21.5652 21.5652 21.5652 21.5652 21.5652 21.5652 
1699174993583620             21.5652 21.5652 21.5652 21.5652 21.5652 21.5652 
1699174993614480             21.5652 21.5652 21.5652 21.5652 21.5652 21.5652 
1699174993628870             21.5652 21.5652 21.5652 21.5652 21.5652 21.5652 
1699174993631000             21.5652 21.5652 21.5652 21.5652 21.5652 21.5652 
1699174993747240             21.5652 21.5652 21.5652 21.5652 21.5652 21.5652 
1699174993770540             21.5652 21.5652 21.5652 21.5652 21.5652 21.5652 
1699174993905020             21.5652 21.5652 21.5652 21.5652 21.5652 21.5652 
1699174993936780             21.5652 21.5652 21.5652 21.5652 21.5652 21.5652 
1699174993945840             21.5652 21.5652 21.5652 21.5652 21.5652 21.5652 
1699174993981890             21.5652 21.5652 21.5652 21.5652 21.5652 21.5652 
1699174994035840             21.5652 21.5652 21.5652 21.5652 21.5652 21.5652 
1699174994114460             21.5652 21.5652 21.5652 21.5652 21.5652 21.5652 
1699174994122280             21.5652 21.5652 21.5652 21.5652 21.5652 21.5652 
1699174994145330             21.5652 21.5652 21.5652 21.5652 21.5652 21.5652 
1699174994168100             21.5652 21.5652 21.5652 21.5652 21.5652 21.5652 
1699174994235680             21.5652 21.5652 21.5652 21.5652 21.5652 21.5652 
1699174994259100             21.5652 21.5652 21.5652 21.5652 21.5652 21.5652 
1699174994275930             21.5652 21.5652 21.5652 21.5652 21.5652 21.5652 
1699174994290240             21.5652 21.5652 21.5652 21.5652 21.5652 21.5652 
1699174994313980             21.5652 21.5652 21.5652 21.5652 21.5652 21.5652 
1699174994335100             21.5652 21.5652 21.5652 21.5652 21.5652 21.5652 
1699174994357110             21.5652 21.5652 21.5652 21.5652 21.5652 21.5652 
1699174994390890             21.5652 21.5652 21.5652 21.5652 21.5652 21.5652 
1699174994403690             21.5652 21.5652 21.5652 21.5652 21.5652 21.5652 
1699174994410200             21.5652 21.5652 21.5652 21.5652 21.5652 21.5652 
1699174994420910             21.5652 21.5652 21.5652 21.5652 21.5652 21.5652 
1699174994433420             21.5652 21.5652 21.5652 21.5652 21.5652 21.5652 
1699174994434570                  90 90 89.7135 90 89.5703 21.5652 
1699174994449370             21.5652 21.5652 21.5652 21.5652 21.5652 21.5652 
1699174994453780             21.5652 21.5652 21.5652 21.5652 21.5652 21.5652 
1699174994472550             21.5652 21.5652 21.5652 21.5652 21.5652 21.5652 
1699174994476320             21.5652 21.5652 21.5652 21.5652 21.5652 21.5652 
1699174994490150             21.5652 21.5652 21.5652 21.5652 21.5652 21.5652 
1699174994494700             21.5652 21.5652 21.5652 21.5652 21.5652 21.5652 
1699174994504590             21.5652 21.5652 21.5652 21.5652 21.5652 21.5652 
1699174994522630             21.5652 21.5652 21.5652 21.5652 21.5652 21.5652 
1699174994527060             21.5652 21.5652 21.5652 21.5652 21.5652 21.5652 
1699174994534580             21.5652 21.5652 21.5652 21.5652 21.5652 21.5652 
1699174994546800             21.5652 21.5652 21.5652 21.5652 21.5652 21.5652 
1699174994559260                  90 21.5652 21.5652 90 21.5652 21.5652 
1699174994564360             21.5652 21.5652 90.573 90 90.4297 90 
1699174994577830                  90 90.4297 21.5652 90 21.5652 90 
1699174994583850                  90 21.5652 21.5652 21.5652 21.5652 21.5652 
1699174994597720             21.5652 21.5652 21.5652 21.5652 21.5652 21.5652 
1699174994612400             21.5652 21.5652 21.5652 21.5652 21.5652 21.5652 
1699174994613680             21.5652 21.5652 21.5652 21.5652 21.5652 21.5652 
1699174994632030             21.5652 21.5652 21.5652 21.5652 21.5652 21.5652 
1699174994636260             21.5652 21.5652 21.5652 21.5652 21.5652 21.5652 
1699174994651950             21.5652 21.5652 21.5652 21.5652 21.5652 21.5652 
1699174994654300                  90 21.5652 21.5652 21.5652 21.5652 21.5652 
1699174994668840             21.5652 21.5652 21.5652 21.5652 21.5652 21.5652 
1699174994677200             21.5652 21.5652 21.5652 21.5652 21.5652 21.5652 
1699174994683920             21.5652 21.5652 21.5652 21.5652 21.5652 21.5652 
1699174994700860             21.5652 21.5652 21.5652 21.5652 21.5652 21.5652 
1699174994702370             21.5652 21.5652 21.5652 21.5652 21.5652 21.5652 
1699174994713850             21.5652 21.5652 21.5652 21.5652 21.5652 21.5652 
1699174994730640             89.1405 21.5652 90 21.5652 90.4297 21.5652 
1699174994733760             21.5652 90.4297 90 21.5652 90.4297 89.1405 
1699174994750500             21.5652 21.5652 21.5652 21.5652 21.5652 21.5652 
1699174994756880             21.5652 21.5652 21.5652 21.5652 21.5652 21.5652 
1699174994763430             21.5652 21.5652 21.5652 21.5652 90 21.5652 
1699174994776830             21.5652 21.5652 21.5652 21.5652 21.5652 21.5652 
1699174994790420             21.5652 21.5652 21.5652 21.5652 21.5652 21.5652 
1699174994800080             21.5652 21.5652 21.5652 21.5652 21.5652 21.5652 
1699174994801750             21.5652 21.5652 21.5652 21.5652 21.5652 21.5652 
1699174994818960             21.5652 21.5652 21.5652 21.5652 21.5652 21.5652 
1699174994825770             21.5652 21.5652 21.5652 21.5652 21.5652 21.5652 
1699174994834850             21.5652 21.5652 21.5652 21.5652 21.5652 21.5652 
1699174994845950             21.5652 21.5652 21.5652 21.5652 21.5652 21.5652 
1699174994858350             21.5652 21.5652 21.5652 21.5652 21.5652 21.5652 
1699174994868430             21.5652 21.5652 21.5652 21.5652 21.5652 21.5652 
1699174994871320             21.5652 21.5652 21.5652 21.5652 21.5652 21.5652 
1699174994896830             21.5652 21.5652 21.5652 21.5652 21.5652 21.5652 
1699174994900750             21.5652 21.5652 21.5652 21.5652 21.5652 21.5652 
1699174994914650             21.5652 21.5652 21.5652 21.5652 21.5652 21.5652 
1699174994920190             21.5652 21.5652 21.5652 21.5652 21.5652 21.5652 
1699174994930200             21.5652 21.5652 21.5652 21.5652 21.5652 21.5652 
1699174994947630             21.5652 21.5652 21.5652 21.5652 21.5652 21.5652 
1699174994957980             21.5652 21.5652 21.5652 21.5652 21.5652 21.5652 
1699174994969170             21.5652 21.5652 21.5652 21.5652 21.5652 21.5652 
1699174994970520             21.5652 21.5652 21.5652 21.5652 21.5652 21.5652 
1699174994983350             21.5652 21.5652 21.5652 21.5652 21.5652 21.5652 
1699174994992510             21.5652 21.5652 21.5652 21.5652 21.5652 21.5652 
1699174995003830             21.5652 21.5652 21.5652 21.5652 21.5652 21.5652 
1699174995012460             21.5652 21.5652 21.5652 21.5652 21.5652 21.5652 
1699174995030250             21.5652 21.5652 21.5652 21.5652 21.5652 21.5652 
1699174995041190             21.5652 21.5652 21.5652 21.5652 21.5652 21.5652 
1699174995056160             21.5652 21.5652 21.5652 21.5652 21.5652 21.5652 
1699174995079290             21.5652 21.5652 21.5652 21.5652 21.5652 21.5652 
1699174995098890             21.5652 21.5652 21.5652 21.5652 21.5652 21.5652 
1699174995113140             21.5652 21.5652 21.5652 21.5652 21.5652 21.5652 
1699174995121510             21.5652 21.5652 21.5652 21.5652 21.5652 21.5652 
1699174995169870             21.5652 21.5652 21.5652 21.5652 21.5652 21.5652 
1699174995212520             21.5652 21.5652 21.5652 21.5652 21.5652 21.5652 
1699174995233190             21.5652 21.5652 21.5652 21.5652 21.5652 21.5652 
1699174995267190             21.5652 21.5652 21.5652 21.5652 21.5652 21.5652 
1699174995268970             89.1405 90.8595 90.2865 90 21.5652 89.1405 
1699174995280200             21.5652 21.5652 21.5652 21.5652 21.5652 21.5652 
1699174995296280             21.5652 21.5652 21.5652 21.5652 21.5652 21.5652 
1699174995298220             21.5652 21.5652 21.5652 21.5652 21.5652 21.5652 
1699174995334510             21.5652 21.5652 21.5652 21.5652 21.5652 21.5652 
1699174995354570             21.5652 21.5652 21.5652 21.5652 21.5652 21.5652 
1699174995358220             21.5652 21.5652 21.5652 21.5652 21.5652 21.5652 
1699174995376820             21.5652 21.5652 21.5652 21.5652 21.5652 21.5652 
1699174995445200             21.5652 21.5652 21.5652 21.5652 21.5652 21.5652 
1699174995497980             21.5652 21.5652 21.5652 21.5652 21.5652 21.5652 
1699174995523340             21.5652 21.5652 21.5652 21.5652 21.5652 21.5652 
1699174995548780             21.5652 21.5652 21.5652 21.5652 21.5652 21.5652 
1699174995566220             21.5652 21.5652 21.5652 21.5652 21.5652 21.5652 
1699174995578060             21.5652 21.5652 21.5652 21.5652 21.5652 21.5652 
1699174995597050             21.5652 21.5652 21.5652 21.5652 21.5652 21.5652 
1699174995613580             21.5652 21.5652 21.5652 21.5652 21.5652 21.5652 
1699174995662360             21.5652 21.5652 21.5652 21.5652 21.5652 21.5652 
1699174995666580             21.5652 21.5652 21.5652 21.5652 21.5652 21.5652 
1699174995689390             21.5652 21.5652 21.5652 21.5652 21.5652 21.5652 
