Timestamp (microseconds)      Peak Amplitude
1699174979796140                3027
1699174979863780                2738
1699174979883950                2573
1699174979927600                3315
1699174979971900                2985
1699174980027340               26011
1699174980030570                5745
1699174980049810                6487
1699174980055010                8876
1699174980061170                4262
1699174980073110                2738
1699174980088370                2615
1699174980106740                2573
1699174980128480                2779
1699174980185370                2903
1699174980231960                2944
1699174980315380                2944
1699174980349150                2532
1699174980364760                2779
1699174980410770                2738
1699174980429580                2573
1699174980486100                3480
1699174980488210                4262
1699174980503980                7475
1699174980515300                4798
1699174980521960                7352
1699174980530320                5292
1699174980544210                7846
1699174980546370                7228
1699174980565690                5374
1699174980573520               10688
1699174980580720                8381
1699174980595090                6281
1699174980600360                5786
1699174980613750                7310
1699174980619470               16496
1699174980626390               14807
1699174980644010                8670
1699174980648050               14066
1699174980663950                6981
1699174980665310               11059
1699174980683240               13448
1699174980685930                9988
1699174980704550                7681
1699174980705750                7516
1699174980723790                9823
1699174980725350                9329
1699174980739130                6322
1699174980753460                6899
1699174980759400                4880
1699174980773940                7434
1699174980780590                8464
1699174980785410                6404
1699174980803120               15837
1699174980806320               14848
1699174980821370                6363
1699174980832650                7681
1699174980836130                6116
1699174980846300                4921
1699174980855850                4880
1699174980868070                5333
1699174980880470                6569
1699174980886670                4180
1699174980896950                5127
1699174980903680                4180
1699174980915640                4880
1699174980931610                3562
1699174980932960                3603
1699174980950440                3232
1699174980955740                3027
1699174980969640                3109
1699174980979550                3191
1699174980984010                3356
1699174981008490                3068
1699174981020500                2532
1699174981039930                4098
1699174981044270                2985
1699174981056400                2944
1699174981075960                2821
1699174981084370                3274
1699174981098800                3356
1699174981107010                3027
1699174981129460                3068
1699174981150550                3109
1699174981163220                2697
1699174981185560                3438
1699174981195890                2615
1699174981216230                2821
1699174981229130                3315
1699174981246140                2656
1699174981275370                2738
1699174981284890                2779
1699174981295230                2779
1699174981309090                2615
1699174981311080                3150
1699174981341930                2985
1699174981356830                2738
1699174981383300                2862
1699174981398650                2532
1699174981428070                2903
1699174981429570                3356
1699174981446430                3191
1699174981462170                2532
1699174981498430                2656
1699174981517360                2862
1699174981520180                3109
1699174981531500                2615
1699174981540300                3356
1699174981563020                3191
1699174981582610                2697
1699174981596820                2944
1699174981607210                2738
1699174981607460                2944
1699174981621790                2738
1699174981628380                2821
1699174981639510                2573
1699174981676660                2985
1699174981683940                2615
1699174981705030                2738
1699174981707460                2656
1699174981723590                2573
1699174981730500                2779
1699174981752650                2738
1699174981796690                2697
1699174981806960                3644
1699174981839780                3315
1699174981862800                2615
1699174981884680                2573
1699174981885480                2738
1699174981903470                2697
1699174981930570                3191
1699174981950850                2656
1699174981963850                2985
1699174981969130                3562
1699174981997710                3068
1699174982006770                2573
1699174982042400                2615
1699174982072650                2656
1699174982075000                2573
1699174982085300                2615
1699174982093830                2738
1699174982109850                2821
1699174982119530                3232
1699174982129450                2532
1699174982151740                2532
1699174982161690                2862
1699174982184390                2944
1699174982207660                2985
1699174982229430                2656
1699174982248200                2903
1699174982296260                2697
1699174982317000                2532
1699174982373090                2656
1699174982386010                2738
1699174982428510                2985
1699174982449390                2532
1699174982474160                2821
1699174982495160                2697
1699174982560020                3356
1699174982573830                2944
1699174982594240                3644
1699174982616130                3274
1699174982658790                2532
1699174982682630                2615
1699174982707780                3397
1699174982771340                2821
1699174982790560                2615
1699174982804220                3315
1699174982818100                2615
1699174982854560                3150
1699174982861170                2532
1699174982872130                2615
1699174982890630               21357
1699174982901370                3603
1699174982915830                9082
1699174982917810                8834
1699174982939210                2656
1699174982960850                2532
1699174982978210                2738
1699174983004730                3232
1699174983027220                2985
1699174983059560                2944
1699174983074800                2615
1699174983104350                2944
1699174983125220                3109
1699174983139900                2532
1699174983160650                3356
1699174983193340                2656
1699174983202230                2615
1699174983205250                3109
1699174983217120                2615
1699174983280710                2656
1699174983284230                2615
1699174983361270                2697
1699174983381330                2862
1699174983413510                2656
1699174983426140                2656
1699174983467940                2573
1699174983500850                3068
1699174983538570                2615
1699174983548440                2862
1699174983559320                2862
1699174983563580                3191
1699174983581090                2821
1699174983584080                2944
1699174983614940                3109
1699174983629330                2903
1699174983631460                3027
1699174983747700                3274
1699174983771000                3109
1699174983905480                2985
1699174983937240                2738
1699174983946300                2738
1699174983982350                2656
1699174984036300                3191
1699174984114920                2573
1699174984122740                2656
1699174984145790                2656
1699174984168560                2615
1699174984236140                2903
1699174984236380                2656
1699174984259560                2862
1699174984276390                2532
1699174984290700                2532
1699174984314440                2532
1699174984335560                2573
1699174984357570                2779
1699174984391350                3150
1699174984404150                2656
1699174984410660                2821
1699174984421370                4221
1699174984433880                8711
1699174984435030                8258
1699174984449830                5374
1699174984455780                4221
1699174984473010                6651
1699174984476780                8793
1699174984490610                4757
1699174984495160                5992
1699174984505050                5333
1699174984523090                4921
1699174984527520                8258
1699174984535040                5251
1699174984547260               11388
1699174984559720               11677
1699174984564820               10812
1699174984578290               18185
1699174984584310               10853
1699174984598180                7764
1699174984612860                9988
1699174984614140               10976
1699174984632490                8299
1699174984636720                9782
1699174984652410                7681
1699174984654760                9988
1699174984669300                7805
1699174984677660                6816
1699174984684380                5004
1699174984701320                5539
1699174984702830                7805
1699174984714310                5622
1699174984731100               17567
1699174984734220               16867
1699174984750960                7310
1699174984757340               10276
1699174984763890                9329
1699174984777290                4798
1699174984790880                4757
1699174984800540                5992
1699174984802210                6033
1699174984819420                5004
1699174984826230                3809
1699174984835310                4633
1699174984846410                3686
1699174984858810                3686
1699174984868890                3356
1699174984871780                3438
1699174984897290                2985
1699174984901210                3150
1699174984915110                2656
1699174984920650                3397
1699174984930660                3438
1699174984948090                3191
1699174984958440                2697
1699174984969630                2944
1699174984970980                3150
1699174984983810                3027
1699174984992970                2985
1699174985004290                3191
1699174985012920                3150
1699174985030710                2903
1699174985041650                2697
1699174985056620                2944
1699174985079750                2944
1699174985099350                2615
1699174985113600                2738
1699174985121970                3027
1699174985170330                2779
1699174985212980                3644
1699174985233650                2697
1699174985267770               16414
1699174985269430               28153
1699174985280660                4386
1699174985296740                8505
1699174985298680                6116
1699174985334970                2615
1699174985355030                2697
1699174985358680                2697
1699174985377280                3068
1699174985445660                2573
1699174985498440                3068
1699174985523800                2656
1699174985549240                2615
1699174985566680                3027
1699174985578520                3768
1699174985597510                2862
1699174985614040                2738
1699174985662820                3068
1699174985667040                2944
1699174985689850                3315
1699174985708650                2573
1699174985720870                2573
1699174985743600                2697
1699174985746660                3109
1699174985755840                2573
1699174985778280                2697
1699174985858860                2821
1699174985879380                2532
1699174985899790                2985
1699174985933760                2903
1699174985954020                3150
1699174985979970                2779
1699174986010680                2532
1699174986023290                2985
1699174986034650                2615
1699174986046420                2697
1699174986055030                2738
1699174986067830                2862
1699174986078550                2779
1699174986089920                3438
1699174986100460                3438
1699174986107080                3686
1699174986112570                3109
1699174986122550                3397
1699174986137510                3315
1699174986144610                2738
1699174986169150                3068
1699174986171000                3850
1699174986188200                3809
1699174986199520                2573
1699174986201210                3027
1699174986218790                3027
1699174986220320                2532
1699174986235640                3809
1699174986244060                3644
1699174986255630                3150
1699174986267160                2779
1699174986274340                2738
1699174986288440                2821
1699174986289980                3232
1699174986302540                3191
1699174986312310                2779
1699174986321960                3809
1699174986344930                2656
1699174986355540                3150
1699174986368740                3027
1699174986376850                2738
1699174986379660                2985
1699174986396360                2738
1699174986401760                3068
1699174986425830                2738
1699174986430970                2738
1699174986445520                2532
1699174986453550                3686
1699174986468060                2738
1699174986484290                3191
1699174986489000                2985
1699174986513500                2821
1699174986523140                3356
1699174986535150                2779
1699174986543560                2944
1699174986556460                2656
1699174986563920                2779
1699174986568160                2697
1699174986577430                2573
1699174986593910                3521
1699174986597150                2821
1699174986610840                3109
1699174986643670                2656
1699174986654270                3109
1699174986663240                3438
1699174986668200                2903
1699174986682440                2615
1699174986688450                3356
1699174986698510                3521
1699174986711460                3027
1699174986726040                3521
1699174986735320                3232
1699174986767740                2697
1699174986800400                2862
1699174986809800                2697
1699174986822270                2779
1699174986830690                4056
1699174986843750                2656
1699174986850030                2738
1699174986873230                2779
1699174986875880                2738
1699174986907820                2573
1699174986931030                2821
1699174986943530                3068
1699174986954220                3356
1699174986955550                2821
1699174986965120                3068
1699174986975830                2903
1699174986987190                2656
1699174987009180                3356
1699174987022880                3232
1699174987025810                3274
1699174987063300                2697
1699174987063740                2944
1699174987075800                2573
1699174987088500                3438
1699174987097820                2573
1699174987107780                3438
1699174987114850                2532
1699174987130560                2985
1699174987133440                2573
1699174987143640                2573
1699174987163810                2779
1699174987187720                2615
1699174987210760                3644
1699174987219710                2573
1699174987226140                2697
1699174987265590                3274
1699174987310240                2779
1699174987319140                2738
1699174987321340                2944
1699174987332150                2532
1699174987353480                3438
1699174987365490                2738
1699174987374180                2532
1699174987386880                2903
1699174987407380                3191
1699174987411310                3397
1699174987452690                2697
1699174987464140                2779
1699174987498320                2656
1699174987503670                2532
1699174987509870                2697
1699174987532480                2779
1699174987574360                2944
1699174987589910                2615
1699174987601280                2573
1699174987621410                2944
1699174987629790                2532
1699174987648390               32767
1699174987648750               30048
1699174987668450                5951
1699174987675710                8834
1699174987680110                2779
1699174987707940                2697
1699174987710220                3232
1699174987719980                2738
1699174987733430                2985
1699174987786670                2903
1699174987807170                2615
1699174987834340                2656
1699174987864690                2779
1699174987877660                2738
1699174987913730                2738
1699174987926450                2573
1699174987955140                3027
1699174987962130                2944
1699174987998790                2944
1699174988048160                2573
1699174988066650                2903
1699174988097230                3150
1699174988118130                2821
1699174988161430                2903
1699174988174450                2532
1699174988198990                2903
1699174988263570                2862
1699174988295790                3027
1699174988312550                3109
1699174988318060                2615
1699174988362620                2697
1699174988374580                2532
1699174988406030                2656
1699174988439750                3150
1699174988444840                2779
1699174988493340                2573
1699174988549730                2821
1699174988562770                2573
1699174988595720                2821
1699174988640120                2738
1699174988642280                2944
1699174988718360                3150
1699174988740530                2821
1699174988807670                2573
1699174988874980                2532
1699174988974260                2779
1699174989016280                3109
1699174989017610                2615
1699174989045000                2573
1699174989113920                2615
1699174989127660                3232
1699174989140360                3397
1699174989151120                2697
1699174989161000                2532
1699174989181260                3068
1699174989203010                2944
1699174989228620                2697
1699174989239160                2573
1699174989262760                2779
1699174989306030                2573
1699174989330710                2779
1699174989372370                3150
1699174989396190                2821
1699174989426400                2532
1699174989472980                2656
1699174989528720                2656
1699174989540220                2573
1699174989560950                2862
1699174989617780                2532
1699174989629720                2615
1699174989650330                2738
1699174989708230                2738
1699174989760750                2738
1699174989772620                2656
1699174989795740                3027
1699174989863380                2738
1699174989883550                2573
1699174989927200                3315
1699174989971500                2985
1699174990026940               26011
1699174990030170                5745
1699174990047150                6281
1699174990054610                8876
1699174990060770                4262
1699174990072710                2738
1699174990087970                2615
1699174990106340                2573
1699174990128080                2779
1699174990184970                2903
1699174990231560                2944
1699174990314980                2944
1699174990348750                2532
1699174990364360                2779
1699174990410370                2738
1699174990429180                2573
1699174990485700                3480
1699174990487810                4262
1699174990503580                7475
1699174990505650                6075
1699174990521560                7352
1699174990529920                5292
1699174990543810                7846
1699174990545970                7228
1699174990556490                5210
1699174990573120               10688
1699174990575040               10070
1699174990594690                6281
1699174990599960                5786
1699174990613350                7310
1699174990619070               16496
1699174990625990               14807
1699174990643610                8670
1699174990647650               14066
1699174990663550                6981
1699174990664910               11059
1699174990682840               13448
1699174990684180               10853
1699174990700510                7393
1699174990704150                7681
1699174990723390                9823
1699174990724010                9658
1699174990738730                6322
1699174990753060                6899
1699174990759000                4880
1699174990772120                6445
1699174990780190                8464
1699174990785010                6404
1699174990802720               15837
1699174990805920               14848
1699174990820970                6363
1699174990832250                7681
1699174990835730                6116
1699174990843100                5004
1699174990855450                4880
1699174990867670                5333
1699174990880070                6569
1699174990886270                4180
1699174990896550                5127
1699174990903280                4180
1699174990915240                4880
1699174990931210                3562
1699174990932560                3603
1699174990950040                3232
1699174990955340                3027
1699174990969240                3109
1699174990979150                3191
1699174990983610                3356
1699174991008030                3068
1699174991020040                2532
1699174991039470                4098
1699174991043810                2985
1699174991055940                2944
1699174991061280                2738
1699174991075500                2821
1699174991083910                3274
1699174991098340                3356
1699174991106550                3027
1699174991129000                3068
1699174991150090                3109
1699174991162760                2697
1699174991185100                3438
1699174991195430                2615
1699174991215770                2821
1699174991228670                3315
1699174991245680                2656
1699174991274910                2738
1699174991284430                2779
1699174991294770                2779
1699174991308630                2615
1699174991310620                3150
1699174991341470                2985
1699174991356370                2738
1699174991382840                2862
1699174991398190                2532
1699174991427610                2903
1699174991429110                3356
1699174991445970                3191
1699174991461710                2532
1699174991497970                2656
1699174991516900                2862
1699174991519720                3109
1699174991531040                2615
1699174991539840                3356
1699174991562560                3191
1699174991582150                2697
1699174991596360                2944
1699174991604010                2697
1699174991607000                2944
1699174991621330                2738
1699174991627920                2821
1699174991639050                2573
1699174991676200                2985
1699174991704570                2738
1699174991707000                2656
1699174991723130                2573
1699174991730040                2779
1699174991752190                2738
1699174991796230                2697
1699174991806500                3644
1699174991839320                3315
1699174991862340                2615
1699174991884220                2573
1699174991885020                2738
1699174991903010                2697
1699174991930110                3191
1699174991950390                2656
1699174991963390                2985
1699174991968670                3562
1699174991997250                3068
1699174992006310                2573
1699174992041940                2615
1699174992072190                2656
1699174992074540                2573
1699174992084840                2615
1699174992093370                2738
1699174992109390                2821
1699174992119070                3232
1699174992128990                2532
1699174992151280                2532
1699174992161230                2862
1699174992183930                2944
1699174992207200                2985
1699174992228970                2656
1699174992247740                2903
1699174992295800                2697
1699174992316540                2532
1699174992372630                2656
1699174992385550                2738
1699174992428050                2985
1699174992448930                2532
1699174992473700                2821
1699174992494700                2697
1699174992559560                3356
1699174992573370                2944
1699174992593780                3644
1699174992615670                3274
1699174992658330                2532
1699174992682170                2615
1699174992707320                3397
1699174992770880                2821
1699174992790100                2615
1699174992803760                3315
1699174992817640                2615
1699174992854100                3150
1699174992860710                2532
1699174992871670                2615
1699174992890170               21357
1699174992900910                3603
1699174992915370                9082
1699174992917350                8834
1699174992938750                2656
1699174992960390                2532
1699174992977750                2738
1699174992985660                2697
1699174993004270                3232
1699174993026760                2985
1699174993059100                2944
1699174993074340                2615
1699174993103890                2944
1699174993124760                3109
1699174993139440                2532
1699174993160190                3356
1699174993192880                2656
1699174993201770                2615
1699174993204790                3109
1699174993216660                2615
1699174993280250                2656
1699174993283770                2615
1699174993360810                2697
1699174993380870                2862
1699174993413050                2656
1699174993425680                2656
1699174993467480                2573
1699174993500390                3068
1699174993538110                2615
1699174993547980                2862
1699174993558860                2862
1699174993563120                3191
1699174993580630                2821
1699174993583620                2944
1699174993614480                3109
1699174993628870                2903
1699174993631000                3027
1699174993747240                3274
1699174993770540                3109
1699174993905020                2985
1699174993936780                2738
1699174993945840                2738
1699174993981890                2656
1699174994035840                3191
1699174994114460                2573
1699174994122280                2656
1699174994145330                2656
1699174994168100                2615
1699174994235680                2903
1699174994259100                2862
1699174994275930                2532
1699174994290240                2532
1699174994313980                2532
1699174994335100                2573
1699174994357110                2779
1699174994390890                3150
1699174994403690                2656
1699174994410200                2821
1699174994420910                4221
1699174994433420                8711
1699174994434570                8258
1699174994449370                5374
1699174994453780                4963
1699174994472550                6651
1699174994476320                8793
1699174994490150                4757
1699174994494700                5992
1699174994504590                5333
1699174994522630                4921
1699174994527060                8258
1699174994534580                5251
1699174994546800               11388
1699174994559260               11677
1699174994564360               10812
1699174994577830               18185
1699174994583850               10853
1699174994597720                7764
1699174994612400                9988
1699174994613680               10976
1699174994632030                8299
1699174994636260                9782
1699174994651950                7681
1699174994654300                9988
1699174994668840                7805
1699174994677200                6816
1699174994683920                5004
1699174994700860                5539
1699174994702370                7805
1699174994713850                5622
1699174994730640               17567
1699174994733760               16867
1699174994750500                7310
1699174994756880               10276
1699174994763430                9329
1699174994776830                4798
1699174994790420                4757
1699174994800080                5992
1699174994801750                6033
1699174994818960                5004
1699174994825770                3809
1699174994834850                4633
1699174994845950                3686
1699174994858350                3686
1699174994868430                3356
1699174994871320                3438
1699174994896830                2985
1699174994900750                3150
1699174994914650                2656
1699174994920190                3397
1699174994930200                3438
1699174994947630                3191
1699174994957980                2697
1699174994969170                2944
1699174994970520                3150
1699174994983350                3027
1699174994992510                2985
1699174995003830                3191
1699174995012460                3150
1699174995030250                2903
1699174995041190                2697
1699174995056160                2944
1699174995079290                2944
1699174995098890                2615
1699174995113140                2738
1699174995121510                3027
1699174995169870                2779
1699174995212520                3644
1699174995233190                2697
1699174995267190               15425
1699174995268970               28153
1699174995280200                4386
1699174995296280                8505
1699174995298220                6116
1699174995334510                2615
1699174995354570                2697
1699174995358220                2697
1699174995376820                3068
1699174995445200                2573
1699174995497980                3068
1699174995523340                2656
1699174995548780                2615
1699174995566220                3027
1699174995578060                3768
1699174995597050                2862
1699174995613580                2738
1699174995662360                3068
1699174995666580                2944
1699174995689390                3315
