Timestamp (microseconds)      Peak Amplitude
1699174918568490            -0.00023 -0.00046 -0.00069 -0.00023 -0.00046 -0.00023 
1699174918601170            -0.00023 -0.00046 -0.00069 -0.00023 -0.00046 -0.00023 
1699174918608960            -0.00023 -0.00046 -0.00069 -0.00023 -0.00046 -0.00023 
1699174918625860            -0.00023 -0.00046 -0.00069 -0.00023 -0.00046 -0.00023 
1699174918640600            -0.00023 -0.00046 -0.00069 -0.00023 -0.00046 -0.00023 
1699174918644310            -0.00023 -0.00046 -0.00069 -0.00023 -0.00046 -0.00023 
1699174918667020            -0.00023 -0.00046 -0.00069 -0.00023 -0.00046 -0.00023 
1699174918697690            -0.00023 -0.00046 -0.00069 -0.00023 -0.00046 -0.00023 
1699174918709140            -0.00023 -0.00046 -0.00069 -0.00023 -0.00046 -0.00023 
1699174918720410            -0.00023 -0.00046 -0.00069 -0.00023 -0.00046 -0.00023 
1699174918777140            -0.00023 -0.00046 -0.00069 -0.00023 -0.00046 -0.00023 
1699174918790200            -0.00023 -0.00046 -0.00069 -0.00023 -0.00046 -0.00023 
1699174918795760            -0.00023 -0.00046 -0.00069 -0.00023 -0.00046 -0.00023 
1699174918810220            -0.00023 -0.00046 -0.00069 -0.00023 -0.00046 -0.00023 
1699174918821610            -0.00023 -0.00046 -0.00069 -0.00023 -0.00046 -0.00023 
1699174918822950            -0.00023 -0.00046 -0.00069 -0.00023 -0.00046 -0.00023 
1699174918840180            -0.00023 -0.00046 -0.00069 -0.00023 -0.00046 -0.00023 
1699174918846790            -0.00023 -0.00046 -0.00069 -0.00023 -0.00046 -0.00023 
1699174918864650            -0.00023 -0.00046 -0.00069 -0.00023 -0.00046 -0.00023 
1699174918890980            -0.00023 -0.00046 -0.00069 -0.00023 -0.00046 -0.00023 
1699174918920940            -0.00023 -0.00046 -0.00069 -0.00023 -0.00046 -0.00023 
1699174918941260            -0.00023 -0.00046 -0.00069 -0.00023 -0.00046 -0.00023 
1699174918943560            -0.00023 -0.00046 -0.00069 -0.00023 -0.00046 -0.00023 
1699174918978940            -0.00023 -0.00046 -0.00069 -0.00023 -0.00046 -0.00023 
1699174918996980            -0.00023 -0.00046 -0.00069 -0.00023 -0.00046 -0.00023 
1699174919005920            -0.00023 -0.00046 -0.00069 -0.00023 -0.00046 -0.00023 
1699174919018490            -0.00023 -0.00046 -0.00069 -0.00023 -0.00046 -0.00023 
1699174919021070            -0.00023 -0.00046 -0.00069 -0.00023 -0.00046 -0.00023 
1699174919072310            -0.00023 -0.00046 -0.00069 -0.00023 -0.00046 -0.00023 
1699174919093290            -0.00023 -0.00046 -0.00069 -0.00023 -0.00046 -0.00023 
1699174919106120            -0.00023 -0.00046 -0.00069 -0.00023 -0.00046 -0.00023 
1699174919116250            -0.00023 -0.00046 -0.00069 -0.00023 -0.00046 -0.00023 
1699174919131550            -0.00023 -0.00046 -0.00069 -0.00023 -0.00046 -0.00023 
1699174919151330            -0.00023 -0.00046 -0.00069 -0.00023 -0.00046 -0.00023 
1699174919173150            -0.00023 -0.00046 -0.00069 -0.00023 -0.00046 -0.00023 
1699174919183700            -0.00023 -0.00046 -0.00069 -0.00023 -0.00046 -0.00023 
1699174919208290            -0.00023 -0.00046 -0.00069 -0.00023 -0.00046 -0.00023 
1699174919228520            -0.00023 -0.00046 -0.00069 -0.00023 -0.00046 -0.00023 
1699174919236350            -0.00023 -0.00046 -0.00069 -0.00023 -0.00046 -0.00023 
1699174919264860            -0.00023 -0.00046 -0.00069 -0.00023 -0.00046 -0.00023 
1699174919284840            -0.00023 -0.00046 -0.00069 -0.00023 -0.00046 -0.00023 
1699174919292700            -0.00023 -0.00046 -0.00069 -0.00023 -0.00046 -0.00023 
1699174919318090            -0.00023 -0.00046 -0.00069 -0.00023 -0.00046 -0.00023 
1699174919319990            -0.00023 -0.00046 -0.00069 -0.00023 -0.00046 -0.00023 
1699174919334260            -0.00023 -0.00046 -0.00069 -0.00023 -0.00046 -0.00023 
1699174919343520            -0.00023 -0.00046 -0.00069 -0.00023 -0.00046 -0.00023 
1699174919355410            -0.00023 -0.00046 -0.00069 -0.00023 -0.00046 -0.00023 
1699174919365290            -0.00023 -0.00046 -0.00069 -0.00023 -0.00046 -0.00023 
1699174919370870            -0.00023 -0.00046 -0.00069 -0.00023 -0.00046 -0.00023 
1699174919383680            -0.00023 -0.00046 -0.00069 -0.00023 -0.00046 -0.00023 
1699174919399000            -0.00023 -0.00046 -0.00069 -0.00023 -0.00046 -0.00023 
1699174919417290            -0.00023 -0.00046 -0.00069 -0.00023 -0.00046 -0.00023 
1699174919418280            -0.00023 -0.00046 -0.00069 -0.00023 -0.00046 -0.00023 
1699174919431640            -0.00023 -0.00046 -0.00069 -0.00023 -0.00046 -0.00023 
1699174919454800            -0.00023 -0.00046 -0.00069 -0.00023 -0.00046 -0.00023 
1699174919458950            -0.00023 -0.00046 -0.00069 -0.00023 -0.00046 -0.00023 
1699174919472830            -0.00023 -0.00046 -0.00069 -0.00023 -0.00046 -0.00023 
1699174919486120            -0.00023 -0.00046 -0.00069 -0.00023 -0.00046 -0.00023 
1699174919503540            -0.00023 -0.00046 -0.00069 -0.00023 -0.00046 -0.00023 
1699174919516590            -0.00023 -0.00046 -0.00069 -0.00023 -0.00046 -0.00023 
1699174919530950            -0.00023 -0.00046 -0.00069 -0.00023 -0.00046 -0.00023 
1699174919545440            -0.00023 -0.00046 -0.00069 -0.00023 -0.00046 -0.00023 
1699174919548290            -0.00023 -0.00046 -0.00069 -0.00023 -0.00046 -0.00023 
1699174919563310            -0.00023 -0.00046 -0.00069 -0.00023 -0.00046 -0.00023 
1699174919590120            -0.00023 -0.00046 -0.00069 -0.00023 -0.00046 -0.00023 
1699174919606060            -0.00023 -0.00046 -0.00069 -0.00023 -0.00046 -0.00023 
1699174919622780            -0.00023 -0.00046 -0.00069 -0.00023 -0.00046 -0.00023 
1699174919652610            -0.00023 -0.00046 -0.00069 -0.00023 -0.00046 -0.00023 
1699174919664630            -0.00023 -0.00046 -0.00069 -0.00023 -0.00046 -0.00023 
1699174919673090            -0.00023 -0.00046 -0.00069 -0.00023 -0.00046 -0.00023 
1699174919691670            -0.00023 -0.00046 -0.00069 -0.00023 -0.00046 -0.00023 
1699174919695790            -0.00023 -0.00046 -0.00069 -0.00023 -0.00046 -0.00023 
1699174919712670            -0.00023 -0.00046 -0.00069 -0.00023 -0.00046 -0.00023 
1699174919723570            -0.00023 -0.00046 -0.00069 -0.00023 -0.00046 -0.00023 
1699174919732880            -0.00023 -0.00046 -0.00069 -0.00023 -0.00046 -0.00023 
1699174919736160            -0.00023 -0.00046 -0.00069 -0.00023 -0.00046 -0.00023 
1699174919761540            -0.00023 -0.00046 -0.00069 -0.00023 -0.00046 -0.00023 
1699174919780720            -0.00023 -0.00046 -0.00069 -0.00023 -0.00046 -0.00023 
1699174919792440            -0.00023 -0.00046 -0.00069 -0.00023 -0.00046 -0.00023 
1699174919798140            -0.00023 -0.00046 -0.00069 -0.00023 -0.00046 -0.00023 
1699174919810580            -0.00023 -0.00046 -0.00069 -0.00023 -0.00046 -0.00023 
1699174919847010            -0.00023 -0.00046 -0.00069 -0.00023 -0.00046 -0.00023 
1699174919866380            -0.00023 -0.00046 -0.00069 -0.00023 -0.00046 -0.00023 
1699174919886340            -0.00023 -0.00046 -0.00069 -0.00023 -0.00046 -0.00023 
1699174919899660            -0.00023 -0.00046 -0.00069 -0.00023 -0.00046 -0.00023 
1699174919912840            -0.00023 -0.00046 -0.00069 -0.00023 -0.00046 -0.00023 
1699174919929330            -0.00023 -0.00046 -0.00069 -0.00023 -0.00046 -0.00023 
1699174919938840            -0.00023 -0.00046 -0.00069 -0.00023 -0.00046 -0.00023 
1699174919955310            -0.00023 -0.00046 -0.00069 -0.00023 -0.00046 -0.00023 
1699174919975250            -0.00023 -0.00046 -0.00069 -0.00023 -0.00046 -0.00023 
1699174919990400            -0.00023 -0.00046 -0.00069 -0.00023 -0.00046 -0.00023 
1699174920007020            -0.00023 -0.00046 -0.00069 -0.00023 -0.00046 -0.00023 
1699174920022700            -0.00023 -0.00046 -0.00069 -0.00023 -0.00046 -0.00023 
1699174920029450            -0.00023 -0.00046 -0.00069 -0.00023 -0.00046 -0.00023 
1699174920033680            -0.00023 -0.00046 -0.00069 -0.00023 -0.00046 -0.00023 
1699174920052460            -0.00023 -0.00046 -0.00069 -0.00023 -0.00046 -0.00023 
1699174920056740            -0.00023 -0.00046 -0.00069 -0.00023 -0.00046 -0.00023 
1699174920062790            -0.00023 -0.00046 -0.00069 -0.00023 -0.00046 -0.00023 
1699174920074890            -0.00023 -0.00046 -0.00069 -0.00023 -0.00046 -0.00023 
1699174920083950            -0.00023 -0.00046 -0.00069 -0.00023 -0.00046 -0.00023 
1699174920094840            -0.00023 -0.00046 -0.00069 -0.00023 -0.00046 -0.00023 
1699174920108660            -0.00023 -0.00046 -0.00069 -0.00023 -0.00046 -0.00023 
1699174920115350            -0.00023 -0.00046 -0.00069 -0.00023 -0.00046 -0.00023 
1699174920130190            -0.00023 -0.00046 -0.00069 -0.00023 -0.00046 -0.00023 
1699174920136470            -0.00023 -0.00046 -0.00069 -0.00023 -0.00046 -0.00023 
1699174920167020            -0.00023 -0.00046 -0.00069 -0.00023 -0.00046 -0.00023 
1699174920187960            -0.00023 -0.00046 -0.00069 -0.00023 -0.00046 -0.00023 
1699174920195320            -0.00023 -0.00046 -0.00069 -0.00023 -0.00046 -0.00023 
1699174920213530            -0.00023 -0.00046 -0.00069 -0.00023 -0.00046 -0.00023 
1699174920221610            -0.00023 -0.00046 -0.00069 -0.00023 -0.00046 -0.00023 
1699174920232660            -0.00023 -0.00046 -0.00069 -0.00023 -0.00046 -0.00023 
1699174920258410            -0.00023 -0.00046 -0.00069 -0.00023 -0.00046 -0.00023 
1699174920268760            -0.00023 -0.00046 -0.00069 -0.00023 -0.00046 -0.00023 
1699174920272960            -0.00023 -0.00046 -0.00069 -0.00023 -0.00046 -0.00023 
1699174920298640            -0.00023 -0.00046 -0.00069 -0.00023 -0.00046 -0.00023 
1699174920308230            -0.00023 -0.00046 -0.00069 -0.00023 -0.00046 -0.00023 
1699174920334820            -0.00023 -0.00046 -0.00069 -0.00023 -0.00046 -0.00023 
1699174920345010            -0.00023 -0.00046 -0.00069 -0.00023 -0.00046 -0.00023 
1699174920351720            -0.00023 -0.00046 -0.00069 -0.00023 -0.00046 -0.00023 
1699174920382690            -0.00023 -0.00046 -0.00069 -0.00023 -0.00046 -0.00023 
1699174920398050            -0.00023 -0.00046 -0.00069 -0.00023 -0.00046 -0.00023 
1699174920407820            -0.00023 -0.00046 -0.00069 -0.00023 -0.00046 -0.00023 
1699174920412390            -0.00023 -0.00046 -0.00069 -0.00023 -0.00046 -0.00023 
1699174920436590            -0.00023 -0.00046 -0.00069 -0.00023 -0.00046 -0.00023 
1699174920441510            -0.00023 -0.00046 -0.00069 -0.00023 -0.00046 -0.00023 
1699174920458500            -0.00023 -0.00046 -0.00069 -0.00023 -0.00046 -0.00023 
1699174920475150            -0.00023 -0.00046 -0.00069 -0.00023 -0.00046 -0.00023 
1699174920488340            -0.00023 -0.00046 -0.00069 -0.00023 -0.00046 -0.00023 
1699174920489390            -0.00023 -0.00046 -0.00069 -0.00023 -0.00046 -0.00023 
1699174920505970            -0.00023 -0.00046 -0.00069 -0.00023 -0.00046 -0.00023 
1699174920518610            -0.00023 -0.00046 -0.00069 -0.00023 -0.00046 -0.00023 
1699174920523870                   0 -0.00046 -0.00069 -0.00023 -0.00046 -0.00023 
1699174920532240            -0.00023 -0.00046 -0.00069 -0.00023 -0.00046 -0.00023 
1699174920546200            -0.00023 -0.00046 -0.00069 -0.00023 -0.00046 -0.00023 
1699174920550920            -0.00023 -0.00046 -0.00069 -0.00023 -0.00046 -0.00023 
1699174920567680            -0.00023 -0.00046 -0.00069 -0.00023 -0.00046 -0.00023 
1699174920574150            -0.00023 -0.00046 -0.00069 -0.00023 -0.00046 -0.00023 
1699174920580160            -0.00023 -0.00046 -0.00069 -0.00023 -0.00046 -0.00023 
1699174920595900            -0.00023 -0.00046 -0.00069 -0.00023 -0.00046 -0.00023 
1699174920605170            -0.00023 -0.00046 -0.00069 -0.00023 -0.00046 -0.00023 
1699174920616170            -0.00023 -0.00046 -0.00069 -0.00023 -0.00046 -0.00023 
1699174920621720            -0.00015 -0.00046 0 -0.00023 -0.00046 -0.00023 
1699174920628380            -0.00023 -0.00046 -0.00069 1e-05 -0.00046 -0.00023 
1699174920647260            -0.00023 -0.00046 -0.00069 -0.00023 -0.00046 -0.00023 
1699174920650310            -0.00023 0 -0.00069 -0.00023 0 -0.00023 
1699174920667220            -0.00023 -0.00046 -0.00069 -0.00023 -0.00046 -0.00023 
1699174920669910            -0.00023 -0.00046 -0.00069 -0.00023 -0.00046 -0.00023 
1699174920683350            -0.00023 -0.00046 -0.00069 -0.00023 -0.00046 -0.00023 
1699174920687840            -0.00023 -0.00046 -0.00069 -0.00023 -0.00046 -0.00023 
1699174920701170            -0.00023 -0.00046 -0.00069 -0.00023 -0.00046 -0.00023 
1699174920707900            -0.00023 -0.00046 -0.00069 -0.00023 -0.00046 -0.00023 
1699174920726560            -0.00023 -0.00046 -0.00069 -0.00023 -0.00046 -0.00023 
1699174920728200                   0 0 -0.00069 -0.00023 -0.00046 -0.00023 
1699174920741200            -0.00023 -0.00046 -0.00069 -0.00023 -0.00046 -0.00023 
1699174920749140            -0.00023 -0.00046 -0.00069 -0.00023 -0.00046 -0.00023 
1699174920758110            -0.00023 -0.00046 -0.00069 -0.00023 -0.00046 -0.00023 
1699174920774770            -0.00023 -0.00046 -0.00069 -0.00023 -0.00046 -0.00023 
1699174920778430            -0.00023 -0.00046 -0.00069 -0.00023 -0.00046 -0.00023 
1699174920796270            -0.00023 -0.00046 -0.00069 -0.00023 -0.00046 -0.00023 
1699174920801830            -0.00023 -0.00046 -1e-05 1e-05 -0.00046 -0.00023 
1699174920808310            -0.00023 -0.00046 -0.00069 1e-05 2e-05 1e-05 
1699174920823960            -0.00023 -0.00046 -0.00069 -0.00023 -0.00046 -0.00023 
1699174920834890            -0.00023 -0.00046 -0.00069 -0.00023 -0.00046 -0.00023 
1699174920842340            -0.00023 -0.00046 -0.00069 -0.00023 -0.00046 -0.00023 
1699174920851710            -0.00023 -0.00046 -0.00069 -0.00023 -0.00046 -0.00023 
1699174920864840            -0.00023 -0.00046 -0.00069 -0.00023 -0.00046 -0.00023 
1699174920874500            -0.00023 -0.00046 -0.00069 -0.00023 -0.00046 -0.00023 
1699174920883950            -0.00023 -0.00046 -0.00069 -0.00023 -0.00046 -0.00023 
1699174920886740            -0.00023 -0.00046 -0.00069 -0.00023 -0.00046 -0.00023 
1699174920897060            -0.00023 -0.00046 -0.00069 -0.00023 -0.00046 -0.00023 
1699174920913020            -0.00023 -0.00046 -0.00069 -0.00023 -0.00046 -0.00023 
1699174920919500            -0.00023 -0.00046 -0.00069 -0.00023 -0.00046 -0.00023 
1699174920932550            -0.00023 -0.00046 -0.00069 -0.00023 -0.00046 -0.00023 
1699174920937110            -0.00023 -0.00046 -0.00069 -0.00023 -0.00046 -0.00023 
1699174920946940            -0.00023 -0.00046 -0.00069 -0.00023 -0.00046 -0.00023 
1699174920959480            -0.00023 -0.00046 -0.00069 -0.00023 -0.00046 -0.00023 
1699174920967000            -0.00023 -0.00046 -0.00069 -0.00023 -0.00046 -0.00023 
1699174920978910            -0.00023 -0.00046 -0.00069 -0.00023 -0.00046 -0.00023 
1699174920985880            -0.00023 -0.00046 -0.00069 -0.00023 -0.00046 -0.00023 
1699174921003350            -0.00011 -0.00022 -0.00033 -0.00011 -0.00022 -0.00011 
1699174921007450            -0.00011 -0.00022 -0.00033 -0.00011 -0.00022 -0.00011 
1699174921021890            -0.00011 -0.00022 -0.00033 -0.00011 -0.00022 -0.00011 
1699174921025270            -0.00011 -0.00022 -0.00033 -0.00011 -0.00022 -0.00011 
1699174921042710            -0.00011 -0.00022 -0.00033 -0.00011 -0.00022 -0.00011 
1699174921046430            -0.00011 -0.00022 -0.00033 -0.00011 -0.00022 -0.00011 
1699174921061430            -0.00011 -0.00022 -0.00033 -0.00011 -0.00022 -0.00011 
1699174921071580            -0.00011 -0.00022 -0.00033 -0.00011 -0.00022 -0.00011 
1699174921083700            -0.00011 -0.00022 -0.00033 -0.00011 -0.00022 -0.00011 
1699174921086080            -0.00011 -0.00022 -0.00033 -0.00011 -0.00022 -0.00011 
1699174921095970            -0.00011 -0.00022 -0.00033 -0.00011 -0.00022 -0.00011 
1699174921110550            -0.00011 -0.00022 -0.00033 -0.00011 -0.00022 -0.00011 
1699174921123190            -0.00011 -0.00022 -0.00033 -0.00011 -0.00022 -0.00011 
1699174921131060            -0.00011 -0.00022 -0.00033 -0.00011 -0.00022 -0.00011 
1699174921135990            -0.00011 -0.00022 -0.00033 -0.00011 -0.00022 -0.00011 
1699174921153110            -0.00011 -0.00022 -0.00033 -0.00011 -0.00022 -0.00011 
1699174921158550            -0.00011 -0.00022 -0.00033 -0.00011 -0.00022 -0.00011 
1699174921165260            -0.00011 -0.00022 -0.00033 -0.00011 -0.00022 -0.00011 
1699174921176760            -0.00011 -0.00022 -0.00033 -0.00011 -0.00022 -0.00011 
1699174921185330            -0.00011 -0.00022 -0.00033 -0.00011 -0.00022 -0.00011 
1699174921199360            -0.00011 -0.00022 -0.00033 -0.00011 -0.00022 -0.00011 
1699174921210350            -0.00011 -0.00022 -0.00033 -0.00011 -0.00022 -0.00011 
1699174921217750            -0.00011 -0.00022 -0.00033 -0.00011 -0.00022 -0.00011 
1699174921225630            -0.00011 -0.00022 -0.00033 -0.00011 -0.00022 -0.00011 
1699174921248930            -0.00011 -0.00022 -0.00033 -0.00011 -0.00022 -0.00011 
1699174921265240            -0.00011 -0.00022 -0.00033 -0.00011 -0.00022 -0.00011 
1699174921278370            -0.00011 -0.00022 -0.00033 -0.00011 -0.00022 -0.00011 
1699174921284740            -0.00011 -0.00022 -0.00033 -0.00011 -0.00022 -0.00011 
1699174921295630            -0.00011 -0.00022 -0.00033 -0.00011 -0.00022 -0.00011 
1699174921312080            -0.00011 -0.00022 -0.00033 -0.00011 -0.00022 -0.00011 
1699174921313240            -0.00011 -0.00022 -0.00033 -0.00011 -0.00022 -0.00011 
1699174921323770            -0.00011 -0.00022 -0.00033 -0.00011 -0.00022 -0.00011 
1699174921343670            -0.00011 -0.00022 -0.00033 -0.00011 -0.00022 -0.00011 
1699174921358570            -0.00011 -0.00022 -0.00033 -0.00011 -0.00022 -0.00011 
1699174921374200            -0.00011 -0.00022 -0.00033 -0.00011 -0.00022 -0.00011 
1699174921383940            -0.00011 -0.00022 -0.00033 -0.00011 -0.00022 -0.00011 
1699174921400260            -0.00011 -0.00022 -0.00033 -0.00011 -0.00022 -0.00011 
1699174921402910            -0.00011 -0.00022 -0.00033 -0.00011 -0.00022 -0.00011 
1699174921429940            -0.00011 -0.00022 -0.00033 -0.00011 -0.00022 -0.00011 
1699174921432890            -0.00011 -0.00022 -0.00033 -0.00011 -0.00022 -0.00011 
1699174921449630            -0.00011 -0.00022 -0.00033 -0.00011 -0.00022 -0.00011 
1699174921463100            -0.00011 -0.00022 -0.00033 -0.00011 -0.00022 -0.00011 
1699174921490560            -0.00011 -0.00022 -0.00033 -0.00011 -0.00022 -0.00011 
1699174921491530            -0.00011 -0.00022 -0.00033 -0.00011 -0.00022 -0.00011 
1699174921501160            -0.00011 -0.00022 -0.00033 -0.00011 -0.00022 -0.00011 
1699174921519320            -0.00011 -0.00022 -0.00033 -0.00011 -0.00022 -0.00011 
1699174921522500            -0.00011 -0.00022 -0.00033 -0.00011 -0.00022 -0.00011 
1699174921544630            -0.00011 -0.00022 -0.00033 -0.00011 -0.00022 -0.00011 
1699174921563060            -0.00011 -0.00022 -0.00033 -0.00011 -0.00022 -0.00011 
1699174921584270            -0.00011 -0.00022 -0.00033 -0.00011 -0.00022 -0.00011 
1699174921598290            -0.00011 -0.00022 -0.00033 -0.00011 -0.00022 -0.00011 
1699174921608180            -0.00011 -0.00022 -0.00033 -0.00011 -0.00022 -0.00011 
1699174921619320            -0.00011 -0.00022 -0.00033 -0.00011 -0.00022 -0.00011 
1699174921623850            -0.00011 -0.00022 -0.00033 -0.00011 -0.00022 -0.00011 
1699174921634950            -0.00011 -0.00022 -0.00033 -0.00011 -0.00022 -0.00011 
1699174921652860            -0.00011 -0.00022 -0.00033 -0.00011 -0.00022 -0.00011 
1699174921677680            -0.00011 -0.00022 -0.00033 -0.00011 -0.00022 -0.00011 
1699174921687820            -0.00011 -0.00022 -0.00033 -0.00011 -0.00022 -0.00011 
1699174921705590            -0.00011 -0.00022 -0.00033 -0.00011 -0.00022 -0.00011 
1699174921725250            -0.00011 -0.00022 -0.00033 -0.00011 -0.00022 -0.00011 
1699174921732030            -0.00011 -0.00022 -0.00033 -0.00011 -0.00022 -0.00011 
1699174921739390            -0.00011 -0.00022 -0.00033 -0.00011 -0.00022 -0.00011 
1699174921750050            -0.00011 -0.00022 -0.00033 -0.00011 -0.00022 -0.00011 
1699174921762210            -0.00011 -0.00022 -0.00033 -0.00011 -0.00022 -0.00011 
1699174921771820            -0.00011 -0.00022 -0.00033 -0.00011 -0.00022 -0.00011 
1699174921793350            -0.00011 -0.00022 -0.00033 -0.00011 -0.00022 -0.00011 
1699174921800930            -0.00011 -0.00022 -0.00033 -0.00011 -0.00022 -0.00011 
1699174921812100            -0.00011 -0.00022 -0.00033 -0.00011 -0.00022 -0.00011 
1699174921821680            -0.00011 -0.00022 -0.00033 -0.00011 -0.00022 -0.00011 
1699174921839980            -0.00011 -0.00022 -0.00033 -0.00011 -0.00022 -0.00011 
1699174921863300            -0.00011 -0.00022 -0.00033 -0.00011 -0.00022 -0.00011 
1699174921873370            -0.00011 -0.00022 -0.00033 -0.00011 -0.00022 -0.00011 
1699174921886390            -0.00011 -0.00022 -0.00033 -0.00011 -0.00022 -0.00011 
1699174921889880            -0.00011 -0.00022 -0.00033 -0.00011 -0.00022 -0.00011 
1699174921898060            -0.00011 -0.00022 -0.00033 -0.00011 -0.00022 -0.00011 
1699174921917490            -0.00011 -0.00022 -0.00033 -0.00011 -0.00022 -0.00011 
1699174921932180            -0.00011 -0.00022 -0.00033 -0.00011 -0.00022 -0.00011 
1699174921951730            -0.00011 -0.00022 -0.00033 -0.00011 -0.00022 -0.00011 
1699174921965610            -0.00011 -0.00022 -0.00033 -0.00011 -0.00022 -0.00011 
1699174921970770            -0.00011 -0.00022 -0.00033 -0.00011 -0.00022 -0.00011 
1699174921986780            -0.00011 -0.00022 -0.00033 -0.00011 -0.00022 -0.00011 
1699174922000470            -0.00011 -0.00022 -0.00033 -0.00011 -0.00022 -0.00011 
1699174922007540            -0.00011 -0.00022 -0.00033 -0.00011 -0.00022 -0.00011 
1699174922043450            -0.00011 -0.00022 -0.00033 -0.00011 -0.00022 -0.00011 
1699174922048690            -0.00011 -0.00022 -0.00033 -0.00011 -0.00022 -0.00011 
1699174922067580            -0.00011 -0.00022 -0.00033 -0.00011 -0.00022 -0.00011 
1699174922079930            -0.00011 -0.00022 -0.00033 -0.00011 -0.00022 -0.00011 
1699174922094890            -0.00011 -0.00022 -0.00033 -0.00011 -0.00022 -0.00011 
1699174922096110            -0.00011 -0.00022 -0.00033 -0.00011 -0.00022 -0.00011 
1699174922113590            -0.00011 -0.00022 -0.00033 -0.00011 -0.00022 -0.00011 
1699174922117240            -0.00011 -0.00022 -0.00033 -0.00011 -0.00022 -0.00011 
1699174922185100            -0.00011 -0.00022 -0.00033 -0.00011 -0.00022 -0.00011 
1699174922185460            -0.00011 -0.00022 -0.00033 -0.00011 -0.00022 -0.00011 
1699174922209550            -0.00011 -0.00022 -0.00033 -0.00011 -0.00022 -0.00011 
1699174922221370            -0.00011 -0.00022 -0.00033 -0.00011 -0.00022 -0.00011 
1699174922239300            -0.00011 -0.00022 -0.00033 -0.00011 -0.00022 -0.00011 
1699174922250360            -0.00011 -0.00022 -0.00033 -0.00011 -0.00022 -0.00011 
1699174922294060            -0.00011 -0.00022 -0.00033 -0.00011 -0.00022 -0.00011 
1699174922296280            -0.00011 -0.00022 -0.00033 -0.00011 -0.00022 -0.00011 
1699174922320500            -0.00011 -0.00022 -0.00033 -0.00011 -0.00022 -0.00011 
1699174922327700            -0.00011 -0.00022 -0.00033 -0.00011 -0.00022 -0.00011 
1699174922342370            -0.00011 -0.00022 -0.00033 -0.00011 -0.00022 -0.00011 
1699174922348230            -0.00011 -0.00022 -0.00033 -0.00011 -0.00022 -0.00011 
1699174922361330            -0.00011 -0.00022 -0.00033 -0.00011 -0.00022 -0.00011 
1699174922370630            -0.00011 -0.00022 -0.00033 -0.00011 -0.00022 -0.00011 
1699174922387930            -0.00011 -0.00022 -0.00033 -0.00011 -0.00022 -0.00011 
1699174922432660            -0.00011 -0.00022 -0.00033 -0.00011 -0.00022 -0.00011 
1699174922436760            -0.00011 -0.00022 -0.00033 -0.00011 -0.00022 -0.00011 
1699174922458280            -0.00011 -0.00022 -0.00033 -0.00011 -0.00022 -0.00011 
1699174922481100            -0.00011 -0.00022 -0.00033 -0.00011 -0.00022 -0.00011 
1699174922485650            -0.00011 -0.00022 -0.00033 -0.00011 -0.00022 -0.00011 
1699174922500050            -0.00011 -0.00022 -0.00033 -0.00011 -0.00022 -0.00011 
1699174922508350            -0.00011 -0.00022 -0.00033 -0.00011 -0.00022 -0.00011 
1699174922514930            -0.00011 -0.00022 -0.00033 -0.00011 -0.00022 -0.00011 
1699174922524880            -0.00011 -0.00022 -0.00033 -0.00011 -0.00022 -0.00011 
1699174922547240            -0.00011 -0.00022 -0.00033 -0.00011 -0.00022 -0.00011 
1699174922561750            -0.00011 -0.00022 -0.00033 -0.00011 -0.00022 -0.00011 
1699174922562740            -0.00011 -0.00022 -0.00033 -0.00011 -0.00022 -0.00011 
1699174922595960            -0.00011 -0.00022 -0.00033 -0.00011 -0.00022 -0.00011 
1699174922613440            -0.00011 -0.00022 -0.00033 -0.00011 -0.00022 -0.00011 
1699174922633440            -0.00011 -0.00022 -0.00033 -0.00011 -0.00022 -0.00011 
1699174922646670            -0.00011 -0.00022 -0.00033 -0.00011 -0.00022 -0.00011 
1699174922659960            -0.00011 -0.00022 -0.00033 -0.00011 -0.00022 -0.00011 
1699174922679830            -0.00011 -0.00022 -0.00033 -0.00011 -0.00022 -0.00011 
1699174922683220            -0.00011 -0.00022 -0.00033 -0.00011 -0.00022 -0.00011 
1699174922710290            -0.00011 -0.00022 -0.00033 -0.00011 -0.00022 -0.00011 
1699174922721710            -0.00011 -0.00022 -0.00033 -0.00011 -0.00022 -0.00011 
1699174922765700            -0.00011 -0.00022 -0.00033 -0.00011 -0.00022 -0.00011 
1699174922773750            -0.00011 -0.00022 -0.00033 -0.00011 -0.00022 -0.00011 
1699174922807540            -0.00011 -0.00022 -0.00033 -0.00011 -0.00022 -0.00011 
1699174922825040            -0.00011 -0.00022 -0.00033 -0.00011 -0.00022 -0.00011 
1699174922842620            -0.00011 -0.00022 -0.00033 -0.00011 -0.00022 -0.00011 
1699174922856440            -0.00011 -0.00022 -0.00033 -0.00011 -0.00022 -0.00011 
1699174922862820            -0.00011 -0.00022 -0.00033 -0.00011 -0.00022 -0.00011 
1699174922874180            -0.00011 -0.00022 -0.00033 -0.00011 -0.00022 -0.00011 
1699174922889560            -0.00011 -0.00022 -0.00033 -0.00011 -0.00022 -0.00011 
1699174922892730            -0.00011 -0.00022 -0.00033 -0.00011 -0.00022 -0.00011 
1699174922903740            -0.00011 -0.00022 -0.00033 -0.00011 -0.00022 -0.00011 
1699174922919290            -0.00011 -0.00022 -0.00033 -0.00011 -0.00022 -0.00011 
1699174922919550            -0.00011 -0.00022 -0.00033 -0.00011 -0.00022 -0.00011 
1699174922950800            -0.00011 -0.00022 -0.00033 -0.00011 -0.00022 -0.00011 
1699174922967050            -0.00011 -0.00022 -0.00033 -0.00011 -0.00022 -0.00011 
1699174922975950            -0.00011 -0.00022 -0.00033 -0.00011 -0.00022 -0.00011 
1699174922985900            -0.00011 -0.00022 -0.00033 -0.00011 -0.00022 -0.00011 
1699174923004310            -0.00011 -0.00022 -0.00033 -0.00011 -0.00022 -0.00011 
1699174923010240            -0.00011 -0.00022 -0.00033 -0.00011 -0.00022 -0.00011 
1699174923029160            -0.00011 -0.00022 -0.00033 -0.00011 -0.00022 -0.00011 
1699174923046710            -0.00011 -0.00022 -0.00033 -0.00011 -0.00022 -0.00011 
1699174923061810            -0.00011 -0.00022 -0.00033 -0.00011 -0.00022 -0.00011 
1699174923076470            -0.00011 -0.00022 -0.00033 -0.00011 -0.00022 -0.00011 
1699174923086030            -0.00011 -0.00022 -0.00033 -0.00011 -0.00022 -0.00011 
1699174923097460            -0.00011 -0.00022 -0.00033 -0.00011 -0.00022 -0.00011 
1699174923104930            -0.00011 -0.00022 -0.00033 -0.00011 -0.00022 -0.00011 
1699174923119030            -0.00011 -0.00022 -0.00033 -0.00011 -0.00022 -0.00011 
1699174923133620            -0.00011 -0.00022 -0.00033 -0.00011 -0.00022 -0.00011 
1699174923161880            -0.00011 -0.00022 -0.00033 -0.00011 -0.00022 -0.00011 
1699174923174530            -0.00011 -0.00022 -0.00033 -0.00011 -0.00022 -0.00011 
1699174923183670            -0.00011 -0.00022 -0.00033 -0.00011 -0.00022 -0.00011 
1699174923194810            -0.00011 -0.00022 -0.00033 -0.00011 -0.00022 -0.00011 
1699174923203720            -0.00011 -0.00022 -0.00033 -0.00011 -0.00022 -0.00011 
1699174923218950            -0.00011 -0.00022 -0.00033 -0.00011 -0.00022 -0.00011 
1699174923230020            -0.00011 -0.00022 -0.00033 -0.00011 -0.00022 -0.00011 
1699174923270280            -0.00011 -0.00022 -0.00033 -0.00011 -0.00022 -0.00011 
1699174923285850            -0.00011 -0.00022 -0.00033 -0.00011 -0.00022 -0.00011 
1699174923298080            -0.00011 -0.00022 -0.00033 -0.00011 -0.00022 -0.00011 
1699174923313350            -0.00011 -0.00022 -0.00033 -0.00011 -0.00022 -0.00011 
1699174923350060            -0.00011 -0.00022 -0.00033 -0.00011 -0.00022 -0.00011 
1699174923364090            -0.00011 -0.00022 -0.00033 -0.00011 -0.00022 -0.00011 
1699174923372220            -0.00011 -0.00022 -0.00033 -0.00011 -0.00022 -0.00011 
1699174923407210            -0.00011 -0.00022 -0.00033 -0.00011 -0.00022 -0.00011 
1699174923430490            -0.00011 -0.00022 -0.00033 -0.00011 -0.00022 -0.00011 
1699174923456910            -0.00011 -0.00022 -0.00033 -0.00011 -0.00022 -0.00011 
1699174923484140            -0.00011 -0.00022 -0.00033 -0.00011 -0.00022 -0.00011 
1699174923485350            -0.00011 -0.00022 -0.00033 -0.00011 -0.00022 -0.00011 
1699174923519480            -0.00011 -0.00022 -0.00033 -0.00011 -0.00022 -0.00011 
1699174923564020            -0.00011 -0.00022 -0.00033 -0.00011 -0.00022 -0.00011 
1699174923568130            -0.00011 -0.00022 -0.00033 -0.00011 -0.00022 -0.00011 
1699174923582190            -0.00011 -0.00022 -0.00033 -0.00011 -0.00022 -0.00011 
1699174923584950            -0.00011 -0.00022 -0.00033 -0.00011 -0.00022 -0.00011 
1699174923613200            -0.00011 -0.00022 -0.00033 -0.00011 -0.00022 -0.00011 
1699174923614170            -0.00011 -0.00022 -0.00033 -0.00011 -0.00022 -0.00011 
1699174923633130            -0.00011 -0.00022 -0.00033 -0.00011 -0.00022 -0.00011 
1699174923635980            -0.00011 -0.00022 -0.00033 -0.00011 -0.00022 -0.00011 
1699174923660920            -0.00011 -0.00022 -0.00033 -0.00011 -0.00022 -0.00011 
1699174923671180            -0.00011 -0.00022 -0.00033 -0.00011 -0.00022 -0.00011 
1699174923674700            -0.00011 -0.00022 -0.00033 -0.00011 -0.00022 -0.00011 
1699174923700340            -0.00011 -0.00022 -0.00033 -0.00011 -0.00022 -0.00011 
1699174923707110            -0.00011 -0.00022 -0.00033 -0.00011 -0.00022 -0.00011 
1699174923735710            -0.00011 -0.00022 -0.00033 -0.00011 -0.00022 -0.00011 
1699174923749380            -0.00011 -0.00022 -0.00033 -0.00011 -0.00022 -0.00011 
1699174923754000            -0.00011 -0.00022 -0.00033 -0.00011 -0.00022 -0.00011 
1699174923771640            -0.00011 -0.00022 -0.00033 -0.00011 -0.00022 -0.00011 
1699174923795050            -0.00011 -0.00022 -0.00033 -0.00011 -0.00022 -0.00011 
1699174923803950            -0.00011 -0.00022 -0.00033 -0.00011 -0.00022 -0.00011 
1699174923816410            -0.00011 -0.00022 -0.00033 -0.00011 -0.00022 -0.00011 
1699174923859970            -0.00011 -0.00022 -0.00033 -0.00011 -0.00022 -0.00011 
1699174923875190            -0.00011 -0.00022 -0.00033 -0.00011 -0.00022 -0.00011 
1699174923883050            -0.00011 -0.00022 -0.00033 -0.00011 -0.00022 -0.00011 
1699174923938770            -0.00011 -0.00022 -0.00033 -0.00011 -0.00022 -0.00011 
1699174923993290            -0.00011 -0.00022 -0.00033 -0.00011 -0.00022 -0.00011 
1699174924005730            -0.00011 -0.00022 -0.00033 -0.00011 -0.00022 -0.00011 
1699174924027430            -0.00011 -0.00022 -0.00033 -0.00011 -0.00022 -0.00011 
1699174924037460            -0.00011 -0.00022 -0.00033 -0.00011 -0.00022 -0.00011 
1699174924053990            -0.00011 -0.00022 -0.00033 -0.00011 -0.00022 -0.00011 
1699174924099520            -0.00011 -0.00022 -0.00033 -0.00011 -0.00022 -0.00011 
1699174924108940            -0.00011 -0.00022 -0.00033 -0.00011 -0.00022 -0.00011 
1699174924111760            -0.00011 -0.00022 -0.00033 -0.00011 -0.00022 -0.00011 
1699174924126960            -0.00011 -0.00022 -0.00033 -0.00011 -0.00022 -0.00011 
1699174924130120            -0.00011 -0.00022 -0.00033 -0.00011 -0.00022 -0.00011 
1699174924182630            -0.00011 -0.00022 -0.00033 -0.00011 -0.00022 -0.00011 
1699174924191260            -0.00011 -0.00022 -0.00033 -0.00011 -0.00022 -0.00011 
1699174924202400            -0.00011 -0.00022 -0.00033 -0.00011 -0.00022 -0.00011 
1699174924221970            -0.00011 -0.00022 -0.00033 -0.00011 -0.00022 -0.00011 
1699174924240120            -0.00011 -0.00022 -0.00033 -0.00011 -0.00022 -0.00011 
1699174924261110            -0.00011 -0.00022 -0.00033 -0.00011 -0.00022 -0.00011 
1699174924278170            -0.00011 -0.00022 -0.00033 -0.00011 -0.00022 -0.00011 
1699174924279010            -0.00011 -0.00022 -0.00033 -0.00011 -0.00022 -0.00011 
1699174924296480            -0.00011 -0.00022 -0.00033 -0.00011 -0.00022 -0.00011 
1699174924314000            -0.00011 -0.00022 -0.00033 -0.00011 -0.00022 -0.00011 
1699174924319100            -0.00011 -0.00022 -0.00033 -0.00011 -0.00022 -0.00011 
1699174924334300            -0.00011 -0.00022 -0.00033 -0.00011 -0.00022 -0.00011 
1699174924359260            -0.00011 -0.00022 -0.00033 -0.00011 -0.00022 -0.00011 
1699174924379800            -0.00011 -0.00022 -0.00033 -0.00011 -0.00022 -0.00011 
1699174924393280            -0.00011 -0.00022 -0.00033 -0.00011 -0.00022 -0.00011 
1699174924404440            -0.00011 -0.00022 -0.00033 -0.00011 -0.00022 -0.00011 
1699174924416940            -0.00011 -0.00022 -0.00033 -0.00011 -0.00022 -0.00011 
1699174924420680            -0.00011 -0.00022 -0.00033 -0.00011 -0.00022 -0.00011 
1699174924434320            -0.00011 -0.00022 -0.00033 -0.00011 -0.00022 -0.00011 
1699174924437540            -0.00011 -0.00022 -0.00033 -0.00011 0 -0.00011 
1699174924456370            -0.00011 -0.00022 -0.00033 -0.00011 -0.00022 -0.00011 
1699174924457300            -0.00011 -0.00022 -0.00033 -0.00011 -0.00022 -0.00011 
1699174924476760            -0.00011 -0.00022 -0.00033 -0.00011 -0.00022 -0.00011 
1699174924480770            -0.00011 -0.00022 -0.00033 -0.00011 -0.00022 -0.00011 
1699174924488620            -0.00011 -0.00022 -0.00033 -0.00011 -0.00022 -0.00011 
1699174924504960            -0.00011 -0.00022 -0.00033 -0.00011 -0.00022 -0.00011 
1699174924508250            -0.00011 -0.00022 -0.00033 -0.00011 -0.00022 -0.00011 
1699174924525350            -0.00011 -0.00022 -0.00033 -0.00011 -0.00022 -0.00011 
1699174924529440            -0.00011 -0.00022 -0.00033 -0.00011 -0.00022 -0.00011 
1699174924537030            -0.00011 -0.00022 -0.00033 -0.00011 -0.00022 -0.00011 
1699174924553840            -0.00011 -0.00022 -0.00033 -0.00011 -0.00022 -0.00011 
1699174924561380            -0.00011 -0.00022 1e-05 -0.00011 -0.00022 -0.00011 
1699174924575990            -0.00011 -0.00022 -0.00033 -0.00011 -0.00022 -0.00011 
1699174924580840             0.00015 -0.00022 -0.00033 -1e-05 -0.00022 0.00015 
1699174924585960              -1e-05 -0.00022 -0.00033 0 -0.00022 -1e-05 
1699174924601270            -0.00011 -0.00022 -0.00033 -0.00011 -0.00022 -0.00011 
1699174924613040            -0.00011 -0.00022 -0.00033 -0.00011 -0.00022 -0.00011 
1699174924615960            -0.00011 -0.00022 -0.00033 -0.00011 -0.00022 -0.00011 
1699174924628860            -0.00011 -0.00022 -0.00033 -0.00011 -0.00022 -0.00011 
1699174924635600            -0.00011 -0.00022 -0.00033 -0.00011 -0.00022 -0.00011 
1699174924654080            -0.00011 -0.00022 -0.00033 -0.00011 -0.00022 -0.00011 
1699174924658850            -0.00011 -0.00022 -0.00033 -0.00011 -0.00022 -0.00011 
1699174924672230            -0.00011 -0.00022 -0.00033 -0.00011 -0.00022 -0.00011 
1699174924681610            -0.00011 -0.00022 -0.00033 -0.00011 -0.00022 -0.00011 
1699174924690370            -0.00011 -0.00022 -0.00033 -0.00011 -0.00022 -0.00011 
1699174924704410            -0.00011 -0.00022 -0.00033 -0.00011 -0.00022 -0.00011 
1699174924708820            -0.00011 -0.00022 -0.00033 -0.00011 -0.00022 -0.00011 
1699174924724770            -0.00011 -0.00022 -0.00033 -0.00011 -0.00022 -0.00011 
1699174924734450              -1e-05 -0.00022 0 -0.00011 2e-05 -0.00011 
1699174924736050            -0.00011 1e-05 0 -1e-05 -0.00022 -1e-05 
1699174924752620            -0.00011 -0.00022 -0.00033 -0.00011 -0.00022 -0.00011 
1699174924759260            -0.00011 -0.00022 -0.00033 -0.00011 -0.00022 -0.00011 
1699174924765720            -0.00011 -0.00022 -0.00033 -0.00011 -0.00022 -0.00011 
1699174924775640            -0.00011 -0.00022 -0.00033 -0.00011 -0.00022 -0.00011 
1699174924785230            -0.00011 -0.00022 -0.00033 -0.00011 -0.00022 -0.00011 
1699174924803440            -0.00011 -0.00022 -0.00033 -0.00011 -0.00022 -0.00011 
1699174924805960            -0.00011 -0.00022 -0.00033 -0.00011 -0.00022 -0.00011 
1699174924818560            -0.00011 -0.00022 -0.00033 -0.00011 -0.00022 -0.00011 
1699174924833670            -0.00011 -0.00022 -0.00033 -0.00011 -0.00022 -0.00011 
1699174924834360            -0.00011 -0.00022 -0.00033 -0.00011 -0.00022 -0.00011 
1699174924852570            -0.00011 -0.00022 -0.00033 -0.00011 -0.00022 -0.00011 
1699174924862920            -0.00011 -0.00022 -0.00033 -0.00011 -0.00022 -0.00011 
1699174924873540            -0.00011 -0.00022 -0.00033 -0.00011 -0.00022 -0.00011 
1699174924875820            -0.00011 -0.00022 -0.00033 -0.00011 -0.00022 -0.00011 
1699174924888260            -0.00011 -0.00022 -0.00033 -0.00011 -0.00022 -0.00011 
1699174924898700            -0.00011 -0.00022 -0.00033 -0.00011 -0.00022 -0.00011 
1699174924907160            -0.00011 -0.00022 -0.00033 -0.00011 -0.00022 -0.00011 
1699174924916840            -0.00011 -0.00022 -0.00033 -0.00011 -0.00022 -0.00011 
1699174924928920            -0.00011 -0.00022 -0.00033 -0.00011 -0.00022 -0.00011 
1699174924939910            -0.00011 -0.00022 -0.00033 -0.00011 -0.00022 -0.00011 
1699174924946680            -0.00011 -0.00022 -0.00033 -0.00011 -0.00022 -0.00011 
1699174924958630            -0.00011 -0.00022 -0.00033 -0.00011 -0.00022 -0.00011 
1699174924976630            -0.00011 -0.00022 -0.00033 -0.00011 -0.00022 -0.00011 
1699174924983180            -0.00011 -0.00022 -0.00033 -0.00011 -0.00022 -0.00011 
1699174925002020            -0.00011 -0.00022 -0.00033 -0.00011 -0.00022 -0.00011 
1699174925005820            -0.00011 -0.00022 -0.00033 -0.00011 -0.00022 -0.00011 
1699174925014960            -0.00011 -0.00022 -0.00033 -0.00011 -0.00022 -0.00011 
1699174925035870            -0.00011 -0.00022 -0.00033 -0.00011 -0.00022 -0.00011 
1699174925052060            -0.00011 -0.00022 -0.00033 -0.00011 -0.00022 -0.00011 
1699174925060090            -0.00011 -0.00022 -0.00033 -0.00011 -0.00022 -0.00011 
1699174925065670            -0.00011 -0.00022 -0.00033 -0.00011 -0.00022 -0.00011 
1699174925072820            -0.00011 -0.00022 -0.00033 -0.00011 -0.00022 -0.00011 
1699174925082380            -0.00011 -0.00022 -0.00033 -0.00011 -0.00022 -0.00011 
1699174925101670            -0.00011 -0.00022 -0.00033 -0.00011 -0.00022 -0.00011 
1699174925101890            -0.00011 -0.00022 -0.00033 -0.00011 -0.00022 -0.00011 
1699174925120050            -0.00011 -0.00022 -0.00033 -0.00011 -0.00022 -0.00011 
1699174925125000            -0.00011 -0.00022 -0.00033 -0.00011 -0.00022 -0.00011 
1699174925147580            -0.00011 -0.00022 -0.00033 -0.00011 -0.00022 -0.00011 
1699174925160750            -0.00011 -0.00022 -0.00033 -0.00011 -0.00022 -0.00011 
1699174925166690            -0.00011 -0.00022 -0.00033 -0.00011 -0.00022 -0.00011 
1699174925179080            -0.00011 -0.00022 -0.00033 -0.00011 -0.00022 -0.00011 
1699174925181550            -0.00011 -0.00022 -0.00033 -0.00011 -0.00022 -0.00011 
1699174925204650            -0.00011 -0.00022 -0.00033 -0.00011 -0.00022 -0.00011 
1699174925218810            -0.00011 -0.00022 -0.00033 -0.00011 -0.00022 -0.00011 
1699174925223410            -0.00011 -0.00022 -0.00033 -0.00011 -0.00022 -0.00011 
1699174925237670            -0.00011 -0.00022 -0.00033 -0.00011 -0.00022 -0.00011 
1699174925245310            -0.00011 -0.00022 -0.00033 -0.00011 -0.00022 -0.00011 
1699174925270350            -0.00011 -0.00022 -0.00033 -0.00011 -0.00022 -0.00011 
1699174925271180            -0.00011 1e-05 1e-05 0 0 0 
1699174925286770            -0.00011 -0.00022 -0.00033 -0.00011 -0.00022 -0.00011 
1699174925298230            -0.00011 -0.00022 -0.00033 -0.00011 -0.00022 -0.00011 
1699174925300450            -0.00011 -0.00022 -0.00033 -0.00011 -0.00022 -0.00011 
1699174925338220            -0.00011 -0.00022 -0.00033 -0.00011 -0.00022 -0.00011 
1699174925354470            -0.00011 -0.00022 -0.00033 -0.00011 -0.00022 -0.00011 
1699174925366440            -0.00011 -0.00022 -0.00033 -0.00011 -0.00022 -0.00011 
1699174925378970            -0.00011 -0.00022 -0.00033 -0.00011 -0.00022 -0.00011 
1699174925381850            -0.00011 -0.00022 -0.00033 -0.00011 -0.00022 -0.00011 
1699174925408110            -0.00011 -0.00022 -0.00033 -0.00011 -0.00022 -0.00011 
1699174925414820            -0.00011 -0.00022 -0.00033 -0.00011 -0.00022 -0.00011 
1699174925444840            -0.00011 -0.00022 -0.00033 -0.00011 -0.00022 -0.00011 
1699174925459730            -0.00011 -0.00022 -0.00033 -0.00011 -0.00022 -0.00011 
1699174925499940            -0.00011 -0.00022 -0.00033 -0.00011 -0.00022 -0.00011 
1699174925516010            -0.00011 -0.00022 -0.00033 -0.00011 -0.00022 -0.00011 
1699174925548510            -0.00011 -0.00022 -0.00033 -0.00011 -0.00022 -0.00011 
1699174925558550            -0.00011 -0.00022 -0.00033 -0.00011 -0.00022 -0.00011 
1699174925569600            -0.00011 -0.00022 -0.00033 -0.00011 -0.00022 -0.00011 
1699174925580230            -0.00011 -0.00022 -0.00033 -0.00011 -0.00022 -0.00011 
1699174925600160            -0.00011 -0.00022 -0.00033 -0.00011 -0.00022 -0.00011 
1699174925623730            -0.00011 -0.00022 -0.00033 -0.00011 -0.00022 -0.00011 
1699174925643520            -0.00011 -0.00022 -0.00033 -0.00011 -0.00022 -0.00011 
1699174925664830            -0.00011 -0.00022 -0.00033 -0.00011 -0.00022 -0.00011 
1699174925689780            -0.00011 -0.00022 -0.00033 -0.00011 -0.00022 -0.00011 
1699174925704180            -0.00011 -0.00022 -0.00033 -0.00011 -0.00022 -0.00011 
1699174925713570            -0.00011 -0.00022 -0.00033 -0.00011 -0.00022 -0.00011 
1699174925718050            -0.00011 -0.00022 -0.00033 -0.00011 -0.00022 -0.00011 
1699174925729980            -0.00011 -0.00022 -0.00033 -0.00011 -0.00022 -0.00011 
1699174925744960            -0.00011 -0.00022 -0.00033 -0.00011 -0.00022 -0.00011 
1699174925756390            -0.00011 -0.00022 -0.00033 -0.00011 -0.00022 -0.00011 
1699174925756930            -0.00011 -0.00022 -0.00033 -0.00011 -0.00022 -0.00011 
1699174925786670            -0.00011 -0.00022 -0.00033 -0.00011 -0.00022 -0.00011 
1699174925808300            -0.00011 -0.00022 -0.00033 -0.00011 -0.00022 -0.00011 
1699174925826590            -0.00011 -0.00022 -0.00033 -0.00011 -0.00022 -0.00011 
1699174925848080            -0.00011 -0.00022 -0.00033 -0.00011 -0.00022 -0.00011 
1699174925863420            -0.00011 -0.00022 -0.00033 -0.00011 -0.00022 -0.00011 
1699174925879090            -0.00011 -0.00022 -0.00033 -0.00011 -0.00022 -0.00011 
1699174925901190            -0.00011 -0.00022 -0.00033 -0.00011 -0.00022 -0.00011 
1699174925921040            -0.00011 -0.00022 -0.00033 -0.00011 -0.00022 -0.00011 
1699174925929650            -0.00011 -0.00022 -0.00033 -0.00011 -0.00022 -0.00011 
1699174925935360            -0.00011 -0.00022 -0.00033 -0.00011 -0.00022 -0.00011 
1699174925954710            -0.00011 -0.00022 -0.00033 -0.00011 -0.00022 -0.00011 
1699174925956750            -0.00011 -0.00022 -0.00033 -0.00011 -0.00022 -0.00011 
1699174925980240            -0.00011 -0.00022 -0.00033 -0.00011 -0.00022 -0.00011 
1699174925993530            -0.00011 -0.00022 -0.00033 -0.00011 -0.00022 -0.00011 
1699174926000810            -0.00011 -0.00022 -0.00033 -0.00011 -0.00022 -0.00011 
1699174926005530            -0.00011 -0.00022 -0.00033 -0.00011 -0.00022 -0.00011 
1699174926023650            -0.00011 -0.00022 -0.00033 -0.00011 -0.00022 -0.00011 
1699174926028110            -0.00011 -0.00022 -0.00033 -0.00011 -0.00022 -0.00011 
1699174926052430            -0.00011 -0.00022 -0.00033 -0.00011 -0.00022 -0.00011 
1699174926059420            -0.00011 -0.00022 -0.00033 -0.00011 -0.00022 -0.00011 
1699174926072890            -0.00011 -0.00022 -0.00033 -0.00011 -0.00022 -0.00011 
1699174926074270            -0.00011 -0.00022 -0.00033 -0.00011 -0.00022 -0.00011 
1699174926090720            -0.00011 -0.00022 -0.00033 -0.00011 -0.00022 -0.00011 
1699174926101740            -0.00011 -0.00022 -0.00033 -0.00011 -0.00022 -0.00011 
1699174926105020            -0.00011 -0.00022 -0.00033 -0.00011 -0.00022 -0.00011 
1699174926115910            -0.00011 -0.00022 -0.00033 -0.00011 -0.00022 -0.00011 
1699174926124170            -0.00011 -0.00022 -0.00033 -0.00011 -0.00022 -0.00011 
1699174926139000            -0.00011 -0.00022 -0.00033 -0.00011 -0.00022 -0.00011 
1699174926152680            -0.00011 -0.00022 -0.00033 -0.00011 -0.00022 -0.00011 
1699174926158920            -0.00011 -0.00022 -0.00033 -0.00011 -0.00022 -0.00011 
1699174926169070            -0.00011 -0.00022 -0.00033 -0.00011 -0.00022 -0.00011 
1699174926181990            -0.00011 -0.00022 -0.00033 -0.00011 -0.00022 -0.00011 
1699174926191260            -0.00011 -0.00022 -0.00033 -0.00011 -0.00022 -0.00011 
1699174926196040            -0.00011 -0.00022 -0.00033 -0.00011 -0.00022 -0.00011 
1699174926219820            -0.00011 -0.00022 -0.00033 -0.00011 -0.00022 -0.00011 
1699174926237040            -0.00011 -0.00022 -0.00033 -0.00011 -0.00022 -0.00011 
1699174926243600            -0.00011 -0.00022 -0.00033 -0.00011 -0.00022 -0.00011 
1699174926257330            -0.00011 -0.00022 -0.00033 -0.00011 -0.00022 -0.00011 
1699174926277140            -0.00011 -0.00022 -0.00033 -0.00011 -0.00022 -0.00011 
1699174926286110            -0.00011 -0.00022 -0.00033 -0.00011 -0.00022 -0.00011 
1699174926295390            -0.00011 -0.00022 -0.00033 -0.00011 -0.00022 -0.00011 
1699174926303950            -0.00011 -0.00022 -0.00033 -0.00011 -0.00022 -0.00011 
1699174926320960            -0.00011 -0.00022 -0.00033 -0.00011 -0.00022 -0.00011 
1699174926328060            -0.00011 -0.00022 -0.00033 -0.00011 -0.00022 -0.00011 
1699174926332840            -0.00011 -0.00022 -0.00033 -0.00011 -0.00022 -0.00011 
1699174926343470            -0.00011 -0.00022 -0.00033 -0.00011 -0.00022 -0.00011 
1699174926356990            -0.00011 -0.00022 -0.00033 -0.00011 -0.00022 -0.00011 
1699174926362940            -0.00011 -0.00022 -0.00033 -0.00011 -0.00022 -0.00011 
1699174926380470            -0.00011 -0.00022 -0.00033 -0.00011 -0.00022 -0.00011 
1699174926385290            -0.00011 -0.00022 -0.00033 -0.00011 -0.00022 -0.00011 
1699174926397870            -0.00011 -0.00022 -0.00033 -0.00011 -0.00022 -0.00011 
1699174926403750            -0.00011 -0.00022 -0.00033 -0.00011 -0.00022 -0.00011 
1699174926413950            -0.00011 -0.00022 -0.00033 -0.00011 -0.00022 -0.00011 
1699174926429730            -0.00011 -0.00022 -0.00033 -0.00011 -0.00022 -0.00011 
1699174926432620            -0.00011 -0.00022 -0.00033 -0.00011 -0.00022 -0.00011 
1699174926449470            -0.00011 -0.00022 -0.00033 -0.00011 -0.00022 -0.00011 
1699174926455430            -0.00011 -0.00022 -0.00033 -0.00011 -0.00022 -0.00011 
1699174926464250            -0.00011 -0.00022 -0.00033 -0.00011 -0.00022 -0.00011 
1699174926476760            -0.00011 -0.00022 -0.00033 -0.00011 -0.00022 -0.00011 
1699174926486050            -0.00011 -0.00022 -0.00033 -0.00011 -0.00022 -0.00011 
1699174926491530            -0.00011 -0.00022 -0.00033 -0.00011 -0.00022 -0.00011 
1699174926508140            -0.00011 -0.00022 -0.00033 -0.00011 -0.00022 -0.00011 
1699174926514780            -0.00011 -0.00022 -0.00033 -0.00011 -0.00022 -0.00011 
1699174926524770            -0.00011 -0.00022 -0.00033 -0.00011 -0.00022 -0.00011 
1699174926530880            -0.00011 -0.00022 -0.00033 -0.00011 -0.00022 -0.00011 
1699174926544780            -0.00011 -0.00022 -0.00033 -0.00011 -0.00022 -0.00011 
1699174926552450            -0.00011 -0.00022 -0.00033 -0.00011 -0.00022 -0.00011 
1699174926569580            -0.00011 -0.00022 -0.00033 -0.00011 -0.00022 -0.00011 
1699174926576220            -0.00011 -0.00022 -0.00033 -0.00011 -0.00022 -0.00011 
1699174926588160            -0.00011 -0.00022 -0.00033 -0.00011 -0.00022 -0.00011 
1699174926597620            -0.00011 -0.00022 -0.00033 -0.00011 -0.00022 -0.00011 
1699174926600700            -0.00011 -0.00022 -0.00033 -0.00011 -0.00022 -0.00011 
1699174926612480            -0.00011 -0.00022 -0.00033 -0.00011 -0.00022 -0.00011 
1699174926620040            -0.00011 -0.00022 -0.00033 -0.00011 -0.00022 -0.00011 
1699174926630330            -0.00011 -0.00022 -0.00033 -0.00011 -0.00022 -0.00011 
1699174926646760            -0.00011 -0.00022 -0.00033 -0.00011 -0.00022 -0.00011 
1699174926655740            -0.00011 -0.00022 -0.00033 -0.00011 -0.00022 -0.00011 
1699174926668830            -0.00011 -0.00022 -0.00033 -0.00011 -0.00022 -0.00011 
1699174926671720            -0.00011 -0.00022 -0.00033 -0.00011 -0.00022 -0.00011 
1699174926687980            -0.00011 -0.00022 -0.00033 -0.00011 -0.00022 -0.00011 
1699174926690040            -0.00011 -0.00022 -0.00033 -0.00011 -0.00022 -0.00011 
1699174926708790            -0.00011 -0.00022 -0.00033 -0.00011 -0.00022 -0.00011 
1699174926709940            -0.00011 -0.00022 -0.00033 -0.00011 -0.00022 -0.00011 
1699174926726030            -0.00011 -0.00022 -0.00033 -0.00011 -0.00022 -0.00011 
1699174926731920            -0.00011 -0.00022 -0.00033 -0.00011 -0.00022 -0.00011 
1699174926755640            -0.00011 -0.00022 -0.00033 -0.00011 -0.00022 -0.00011 
1699174926769270            -0.00011 -0.00022 -0.00033 -0.00011 -0.00022 -0.00011 
1699174926786110            -0.00011 -0.00022 -0.00033 -0.00011 -0.00022 -0.00011 
1699174926788390            -0.00011 -0.00022 -0.00033 -0.00011 -0.00022 -0.00011 
1699174926800830            -0.00011 -0.00022 -0.00033 -0.00011 -0.00022 -0.00011 
1699174926811640            -0.00011 -0.00022 -0.00033 -0.00011 -0.00022 -0.00011 
1699174926824000            -0.00011 -0.00022 -0.00033 -0.00011 -0.00022 -0.00011 
1699174926832180            -0.00011 -0.00022 -0.00033 -0.00011 -0.00022 -0.00011 
1699174926846530            -0.00011 -0.00022 -0.00033 -0.00011 -0.00022 -0.00011 
1699174926851690            -0.00011 -0.00022 -0.00033 -0.00011 -0.00022 -0.00011 
1699174926860990            -0.00011 -0.00022 -0.00033 -0.00011 -0.00022 -0.00011 
1699174926877240            -0.00011 -0.00022 -0.00033 -0.00011 -0.00022 -0.00011 
1699174926885120            -0.00011 -0.00022 -0.00033 -0.00011 -0.00022 -0.00011 
1699174926890870            -0.00011 -0.00022 -0.00033 -0.00011 -0.00022 -0.00011 
1699174926905270            -0.00011 -0.00022 -0.00033 -0.00011 -0.00022 -0.00011 
1699174926911540            -0.00011 -0.00022 -0.00033 -0.00011 -0.00022 -0.00011 
1699174926930800            -0.00011 -0.00022 -0.00033 -0.00011 -0.00022 -0.00011 
1699174926945770            -0.00011 -0.00022 -0.00033 -0.00011 -0.00022 -0.00011 
1699174926949500            -0.00011 -0.00022 -0.00033 -0.00011 -0.00022 -0.00011 
1699174926966610            -0.00011 -0.00022 -0.00033 -0.00011 -0.00022 -0.00011 
1699174926976100            -0.00011 -0.00022 -0.00033 -0.00011 -0.00022 -0.00011 
1699174926977830            -0.00011 -0.00022 -0.00033 -0.00011 -0.00022 -0.00011 
1699174926993130            -0.00011 -0.00022 -0.00033 -0.00011 -0.00022 -0.00011 
1699174926998240            -0.00011 -0.00022 -0.00033 -0.00011 -0.00022 -0.00011 
1699174927010920            -0.00011 -0.00022 -0.00033 -0.00011 -0.00022 -0.00011 
1699174927023720            -0.00011 -0.00022 -0.00033 -0.00011 -0.00022 -0.00011 
1699174927033900            -0.00011 -0.00022 -0.00033 -0.00011 -0.00022 -0.00011 
1699174927055960            -0.00011 -0.00022 -0.00033 -0.00011 -0.00022 -0.00011 
1699174927058960            -0.00011 -0.00022 -0.00033 -0.00011 -0.00022 -0.00011 
1699174927069280            -0.00011 -0.00022 -0.00033 -0.00011 -0.00022 -0.00011 
1699174927083920            -0.00011 -0.00022 -0.00033 -0.00011 -0.00022 -0.00011 
1699174927090030            -0.00011 -0.00022 -0.00033 -0.00011 -0.00022 -0.00011 
1699174927103430            -0.00011 -0.00022 -0.00033 -0.00011 -0.00022 -0.00011 
1699174927109670            -0.00011 -0.00022 -0.00033 -0.00011 -0.00022 -0.00011 
1699174927130240            -0.00011 -0.00022 -0.00033 -0.00011 -0.00022 -0.00011 
1699174927150140            -0.00011 -0.00022 -0.00033 -0.00011 -0.00022 -0.00011 
1699174927164980            -0.00011 -0.00022 -0.00033 -0.00011 -0.00022 -0.00011 
1699174927166520            -0.00011 -0.00022 -0.00033 -0.00011 -0.00022 -0.00011 
1699174927179510            -0.00011 -0.00022 -0.00033 -0.00011 -0.00022 -0.00011 
1699174927189560            -0.00011 -0.00022 -0.00033 -0.00011 -0.00022 -0.00011 
1699174927212340            -0.00011 -0.00022 -0.00033 -0.00011 -0.00022 -0.00011 
1699174927223250            -0.00011 -0.00022 -0.00033 -0.00011 -0.00022 -0.00011 
1699174927228090            -0.00011 -0.00022 -0.00033 -0.00011 -0.00022 -0.00011 
1699174927245560            -0.00011 -0.00022 -0.00033 -0.00011 -0.00022 -0.00011 
1699174927267110            -0.00011 -0.00022 -0.00033 -0.00011 -0.00022 -0.00011 
1699174927282010            -0.00011 -0.00022 -0.00033 -0.00011 -0.00022 -0.00011 
1699174927285080            -0.00011 -0.00022 -0.00033 -0.00011 -0.00022 -0.00011 
1699174927298610            -0.00011 -0.00022 -0.00033 -0.00011 -0.00022 -0.00011 
1699174927308230            -0.00011 -0.00022 -0.00033 -0.00011 -0.00022 -0.00011 
1699174927320860            -0.00011 -0.00022 -0.00033 -0.00011 -0.00022 -0.00011 
1699174927336160            -0.00011 -0.00022 -0.00033 -0.00011 -0.00022 -0.00011 
1699174927354380            -0.00011 -0.00022 -0.00033 -0.00011 -0.00022 -0.00011 
1699174927392600            -0.00011 -0.00022 -0.00033 -0.00011 -0.00022 -0.00011 
1699174927393780            -0.00011 -0.00022 -0.00033 -0.00011 -0.00022 -0.00011 
1699174927413010            -0.00011 -0.00022 -0.00033 -0.00011 -0.00022 -0.00011 
1699174927422580            -0.00011 -0.00022 -0.00033 -0.00011 -0.00022 -0.00011 
1699174927425450            -0.00011 -0.00022 -0.00033 -0.00011 -0.00022 -0.00011 
1699174927438180            -0.00011 -0.00022 -0.00033 -0.00011 -0.00022 -0.00011 
1699174927446360            -0.00011 -0.00022 -0.00033 -0.00011 -0.00022 -0.00011 
1699174927470680            -0.00011 -0.00022 -0.00033 -0.00011 -0.00022 -0.00011 
1699174927473680            -0.00011 -0.00022 -0.00033 -0.00011 -0.00022 -0.00011 
1699174927485500            -0.00011 -0.00022 -0.00033 -0.00011 -0.00022 -0.00011 
1699174927501770            -0.00011 -0.00022 -0.00033 -0.00011 -0.00022 -0.00011 
1699174927511590            -0.00011 -0.00022 -0.00033 -0.00011 -0.00022 -0.00011 
1699174927520710            -0.00011 -0.00022 -0.00033 -0.00011 -0.00022 -0.00011 
1699174927534030            -0.00011 -0.00022 -0.00033 -0.00011 -0.00022 -0.00011 
1699174927544530            -0.00011 -0.00022 -0.00033 -0.00011 -0.00022 -0.00011 
1699174927557320            -0.00011 -0.00022 -0.00033 -0.00011 -0.00022 -0.00011 
1699174927569600            -0.00011 -0.00022 -0.00033 -0.00011 -0.00022 -0.00011 
1699174927576740            -0.00011 -0.00022 -0.00033 -0.00011 -0.00022 -0.00011 
1699174927586440            -0.00011 -0.00022 -0.00033 -0.00011 -0.00022 -0.00011 
1699174927594260            -0.00011 -0.00022 -0.00033 -0.00011 -0.00022 -0.00011 
1699174927610620            -0.00011 -0.00022 -0.00033 -0.00011 -0.00022 -0.00011 
1699174927616910            -0.00011 -0.00022 -0.00033 -0.00011 -0.00022 -0.00011 
1699174927624560            -0.00011 -0.00022 -0.00033 -0.00011 -0.00022 -0.00011 
1699174927634640            -0.00011 -0.00022 -0.00033 -0.00011 -0.00022 -0.00011 
1699174927650140                   0 -0.00022 -0.00033 0 -0.00022 -0.00011 
1699174927651330               1e-05 1e-05 1e-05 1e-05 1e-05 0 
1699174927670810            -0.00011 -0.00022 -0.00033 -0.00011 -0.00022 -0.00011 
1699174927677190            -0.00011 -0.00022 -0.00033 -0.00011 -0.00022 -0.00011 
1699174927681160            -0.00011 -0.00022 -0.00033 -0.00011 -0.00022 -0.00011 
1699174927695220            -0.00011 -0.00022 -0.00033 -0.00011 -0.00022 -0.00011 
1699174927705450            -0.00011 -0.00022 -0.00033 -0.00011 -0.00022 -0.00011 
1699174927711150            -0.00011 -0.00022 -0.00033 -0.00011 -0.00022 -0.00011 
1699174927722120            -0.00011 -0.00022 -0.00033 -0.00011 -0.00022 -0.00011 
1699174927732980            -0.00011 -0.00022 -0.00033 -0.00011 -0.00022 -0.00011 
1699174927767590            -0.00011 -0.00022 -0.00033 -0.00011 -0.00022 -0.00011 
1699174927788370            -0.00011 -0.00022 -0.00033 -0.00011 -0.00022 -0.00011 
1699174927798330            -0.00011 -0.00022 -0.00033 -0.00011 -0.00022 -0.00011 
1699174927811370            -0.00011 -0.00022 -0.00033 -0.00011 -0.00022 -0.00011 
1699174927819990            -0.00011 -0.00022 -0.00033 -0.00011 -0.00022 -0.00011 
1699174927835890            -0.00011 -0.00022 -0.00033 -0.00011 -0.00022 -0.00011 
1699174927842710            -0.00011 -0.00022 -0.00033 -0.00011 -0.00022 -0.00011 
1699174927867910            -0.00011 -0.00022 -0.00033 -0.00011 -0.00022 -0.00011 
1699174927875250            -0.00011 -0.00022 -0.00033 -0.00011 -0.00022 -0.00011 
1699174927881440            -0.00011 -0.00022 -0.00033 -0.00011 -0.00022 -0.00011 
1699174927889540            -0.00011 -0.00022 -0.00033 -0.00011 -0.00022 -0.00011 
1699174927915620            -0.00011 -0.00022 -0.00033 -0.00011 -0.00022 -0.00011 
1699174927928290            -0.00011 -0.00022 -0.00033 -0.00011 -0.00022 -0.00011 
1699174927930540            -0.00011 -0.00022 -0.00033 -0.00011 -0.00022 -0.00011 
1699174927957140            -0.00011 -0.00022 -0.00033 -0.00011 -0.00022 -0.00011 
1699174927975760            -0.00011 -0.00022 -0.00033 -0.00011 -0.00022 -0.00011 
1699174928001130            -0.00011 -0.00022 -0.00033 -0.00011 -0.00022 -0.00011 
1699174928017010            -0.00011 -0.00022 -0.00033 -0.00011 -0.00022 -0.00011 
1699174928055710            -0.00011 -0.00022 -0.00033 -0.00011 -0.00022 -0.00011 
1699174928070900            -0.00011 -0.00022 -0.00033 -0.00011 -0.00022 -0.00011 
1699174928086930            -0.00011 -0.00022 -0.00033 -0.00011 -0.00022 -0.00011 
1699174928097270            -0.00011 -0.00022 -0.00033 -0.00011 -0.00022 -0.00011 
1699174928099930            -0.00011 -0.00022 -0.00033 -0.00011 -0.00022 -0.00011 
1699174928125670            -0.00011 -0.00022 -0.00033 -0.00011 -0.00022 -0.00011 
1699174928132920            -0.00011 -0.00022 -0.00033 -0.00011 -0.00022 -0.00011 
1699174928178350            -0.00011 -0.00022 -0.00033 -0.00011 -0.00022 -0.00011 
1699174928200680            -0.00011 -0.00022 -0.00033 -0.00011 -0.00022 -0.00011 
1699174928208900            -0.00011 -0.00022 -0.00033 -0.00011 -0.00022 -0.00011 
1699174928238890            -0.00011 -0.00022 -0.00033 -0.00011 -0.00022 -0.00011 
1699174928248310            -0.00011 -0.00022 -0.00033 -0.00011 -0.00022 -0.00011 
1699174928265340            -0.00011 -0.00022 -0.00033 -0.00011 -0.00022 -0.00011 
1699174928266820            -0.00011 -0.00022 -0.00033 -0.00011 -0.00022 -0.00011 
1699174928282430            -0.00011 -0.00022 -0.00033 -0.00011 -0.00022 -0.00011 
1699174928294010            -0.00011 -0.00022 -0.00033 -0.00011 -0.00022 -0.00011 
1699174928299400            -0.00011 -0.00022 -0.00033 -0.00011 -0.00022 -0.00011 
1699174928313900            -0.00011 -0.00022 -0.00033 -0.00011 -0.00022 -0.00011 
1699174928319180            -0.00011 -0.00022 -0.00033 -0.00011 -0.00022 -0.00011 
1699174928331110            -0.00011 -0.00022 -0.00033 -0.00011 -0.00022 -0.00011 
1699174928341000            -0.00011 -0.00022 -0.00033 -0.00011 -0.00022 -0.00011 
1699174928354940            -0.00011 -0.00022 -0.00033 -0.00011 -0.00022 -0.00011 
1699174928389840            -0.00011 -0.00022 -0.00033 -0.00011 -0.00022 -0.00011 
1699174928399350            -0.00011 -0.00022 -0.00033 -0.00011 -0.00022 -0.00011 
1699174928425350            -0.00011 -0.00022 -0.00033 -0.00011 -0.00022 -0.00011 
1699174928444140            -0.00011 -0.00022 -0.00033 -0.00011 -0.00022 -0.00011 
1699174928445290            -0.00011 -0.00022 -0.00033 -0.00011 -0.00022 -0.00011 
1699174928479280            -0.00011 -0.00022 -0.00033 -0.00011 -0.00022 -0.00011 
1699174928495180            -0.00011 -0.00022 -0.00033 -0.00011 -0.00022 -0.00011 
1699174928522210            -0.00011 -0.00022 -0.00033 -0.00011 -0.00022 -0.00011 
1699174928542090            -0.00011 -0.00022 -0.00033 -0.00011 -0.00022 -0.00011 
1699174928551870            -0.00011 -0.00022 -0.00033 -0.00011 -0.00022 -0.00011 
1699174928567850            -0.00011 -0.00022 -0.00033 -0.00011 -0.00022 -0.00011 
1699174928600530            -0.00011 -0.00022 -0.00033 -0.00011 -0.00022 -0.00011 
1699174928608320            -0.00011 -0.00022 -0.00033 -0.00011 -0.00022 -0.00011 
1699174928625220            -0.00011 -0.00022 -0.00033 -0.00011 -0.00022 -0.00011 
1699174928639960            -0.00011 -0.00022 -0.00033 -0.00011 -0.00022 -0.00011 
1699174928643670            -0.00011 -0.00022 -0.00033 -0.00011 -0.00022 -0.00011 
1699174928666380            -0.00011 -0.00022 -0.00033 -0.00011 -0.00022 -0.00011 
1699174928697050            -0.00011 -0.00022 -0.00033 -0.00011 -0.00022 -0.00011 
1699174928708500            -0.00011 -0.00022 -0.00033 -0.00011 -0.00022 -0.00011 
1699174928719770            -0.00011 -0.00022 -0.00033 -0.00011 -0.00022 -0.00011 
1699174928776500            -0.00011 -0.00022 -0.00033 -0.00011 -0.00022 -0.00011 
1699174928789560            -0.00011 -0.00022 -0.00033 -0.00011 -0.00022 -0.00011 
1699174928795120            -0.00011 -0.00022 -0.00033 -0.00011 -0.00022 -0.00011 
1699174928809580            -0.00011 -0.00022 -0.00033 -0.00011 -0.00022 -0.00011 
1699174928820970            -0.00011 -0.00022 -0.00033 -0.00011 -0.00022 -0.00011 
1699174928822310            -0.00011 -0.00022 -0.00033 -0.00011 -0.00022 -0.00011 
1699174928839540            -0.00011 -0.00022 -0.00033 -0.00011 -0.00022 -0.00011 
1699174928846150            -0.00011 -0.00022 -0.00033 -0.00011 -0.00022 -0.00011 
1699174928864010            -0.00011 -0.00022 -0.00033 -0.00011 -0.00022 -0.00011 
1699174928890340            -0.00011 -0.00022 -0.00033 -0.00011 -0.00022 -0.00011 
1699174928920300            -0.00011 -0.00022 -0.00033 -0.00011 -0.00022 -0.00011 
1699174928940620            -0.00011 -0.00022 -0.00033 -0.00011 -0.00022 -0.00011 
1699174928942920            -0.00011 -0.00022 -0.00033 -0.00011 -0.00022 -0.00011 
1699174928978300            -0.00011 -0.00022 -0.00033 -0.00011 -0.00022 -0.00011 
1699174928996340            -0.00011 -0.00022 -0.00033 -0.00011 -0.00022 -0.00011 
1699174929005280            -0.00011 -0.00022 -0.00033 -0.00011 -0.00022 -0.00011 
1699174929017850            -0.00011 -0.00022 -0.00033 -0.00011 -0.00022 -0.00011 
1699174929020430            -0.00011 -0.00022 -0.00033 -0.00011 -0.00022 -0.00011 
1699174929071670            -0.00011 -0.00022 -0.00033 -0.00011 -0.00022 -0.00011 
1699174929092650            -0.00011 -0.00022 -0.00033 -0.00011 -0.00022 -0.00011 
1699174929105480            -0.00011 -0.00022 -0.00033 -0.00011 -0.00022 -0.00011 
1699174929115610            -0.00011 -0.00022 -0.00033 -0.00011 -0.00022 -0.00011 
1699174929130910            -0.00011 -0.00022 -0.00033 -0.00011 -0.00022 -0.00011 
1699174929150690            -0.00011 -0.00022 -0.00033 -0.00011 -0.00022 -0.00011 
1699174929172510            -0.00011 -0.00022 -0.00033 -0.00011 -0.00022 -0.00011 
1699174929183060            -0.00011 -0.00022 -0.00033 -0.00011 -0.00022 -0.00011 
1699174929207650            -0.00011 -0.00022 -0.00033 -0.00011 -0.00022 -0.00011 
1699174929227880            -0.00011 -0.00022 -0.00033 -0.00011 -0.00022 -0.00011 
1699174929235710            -0.00011 -0.00022 -0.00033 -0.00011 -0.00022 -0.00011 
1699174929264220            -0.00011 -0.00022 -0.00033 -0.00011 -0.00022 -0.00011 
1699174929284200            -0.00011 -0.00022 -0.00033 -0.00011 -0.00022 -0.00011 
1699174929292060            -0.00011 -0.00022 -0.00033 -0.00011 -0.00022 -0.00011 
1699174929317450            -0.00011 -0.00022 -0.00033 -0.00011 -0.00022 -0.00011 
1699174929319350            -0.00011 -0.00022 -0.00033 -0.00011 -0.00022 -0.00011 
1699174929333620            -0.00011 -0.00022 -0.00033 -0.00011 -0.00022 -0.00011 
