Timestamp (microseconds)      Peak Amplitude
1718654830779356              171.89 171.89 171.89 171.89 171.89 171.89 
1718654830781376              171.89 171.89 171.89 171.89 171.89 171.89 
1718654830799196              171.89 171.89 171.89 171.89 171.89 171.89 
1718654830816636              171.89 171.89 171.89 171.89 171.89 171.89 
1718654830820356              171.89 171.89 171.89 171.89 171.89 171.89 
1718654830835356              171.89 171.89 171.89 171.89 171.89 171.89 
1718654830845506              171.89 171.89 171.89 171.89 171.89 171.89 
1718654830857626              171.89 171.89 171.89 171.89 171.89 171.89 
1718654830860006              171.89 171.89 171.89 171.89 171.89 171.89 
1718654830869896              171.89 171.89 171.89 171.89 171.89 171.89 
1718654830884476              171.89 171.89 171.89 171.89 171.89 171.89 
1718654830897116              171.89 171.89 171.89 171.89 171.89 171.89 
1718654830904986              171.89 171.89 171.89 171.89 171.89 171.89 
1718654830909916              171.89 171.89 171.89 171.89 171.89 171.89 
1718654830927036              171.89 171.89 171.89 171.89 171.89 171.89 
1718654830932476              171.89 171.89 171.89 171.89 171.89 171.89 
1718654830939186              171.89 171.89 171.89 171.89 171.89 171.89 
1718654830950686              171.89 171.89 171.89 171.89 171.89 171.89 
1718654830959256              171.89 171.89 171.89 171.89 171.89 171.89 
1718654830973286              171.89 171.89 171.89 171.89 171.89 171.89 
1718654830984276              171.89 171.89 171.89 171.89 171.89 171.89 
1718654830991676              171.89 171.89 171.89 171.89 171.89 171.89 
1718654830999556              171.89 171.89 171.89 171.89 171.89 171.89 
1718654831022856              171.89 171.89 171.89 171.89 171.89 171.89 
1718654831039166              171.89 171.89 171.89 171.89 171.89 171.89 
1718654831052296              171.89 171.89 171.89 171.89 171.89 171.89 
1718654831058666              171.89 171.89 171.89 171.89 171.89 171.89 
1718654831069556              171.89 171.89 171.89 171.89 171.89 171.89 
1718654831086006              171.89 171.89 171.89 171.89 171.89 171.89 
1718654831097696              171.89 171.89 171.89 171.89 171.89 171.89 
1718654831117596              171.89 171.89 171.89 171.89 171.89 171.89 
1718654831132496              171.89 171.89 171.89 171.89 171.89 171.89 
1718654831148126              171.89 171.89 171.89 171.89 171.89 171.89 
1718654831157866              171.89 171.89 171.89 171.89 171.89 171.89 
1718654831176756              171.89 171.89 171.89 171.89 171.89 171.89 
1718654831176836              171.89 171.89 171.89 171.89 171.89 171.89 
1718654831203866              171.89 171.89 171.89 171.89 171.89 171.89 
1718654831206816              171.89 171.89 171.89 171.89 171.89 171.89 
1718654831223556              171.89 171.89 171.89 171.89 171.89 171.89 
1718654831237026              171.89 171.89 171.89 171.89 171.89 171.89 
1718654831265456              171.89 171.89 171.89 171.89 171.89 171.89 
1718654831266886              171.89 171.89 171.89 171.89 171.89 171.89 
1718654831293246              171.89 171.89 171.89 171.89 171.89 171.89 
1718654831296426              171.89 171.89 171.89 171.89 171.89 171.89 
1718654831318556              171.89 171.89 171.89 171.89 171.89 171.89 
1718654831334966              171.89 171.89 171.89 171.89 171.89 171.89 
1718654831336986              171.89 171.89 171.89 171.89 171.89 171.89 
1718654831358196              171.89 171.89 171.89 171.89 171.89 171.89 
1718654831372216              171.89 171.89 171.89 171.89 171.89 171.89 
1718654831382106              171.89 171.89 171.89 171.89 171.89 171.89 
1718654831393246              171.89 171.89 171.89 171.89 171.89 171.89 
1718654831397776              171.89 171.89 171.89 171.89 171.89 171.89 
1718654831408876              171.89 171.89 171.89 171.89 171.89 171.89 
1718654831426786              171.89 171.89 171.89 171.89 171.89 171.89 
1718654831451606              171.89 171.89 171.89 171.89 171.89 171.89 
1718654831461746              171.89 171.89 171.89 171.89 171.89 171.89 
1718654831479516              171.89 171.89 171.89 171.89 171.89 171.89 
1718654831499176              171.89 171.89 171.89 171.89 171.89 171.89 
1718654831505956              171.89 171.89 171.89 171.89 171.89 171.89 
1718654831523976              171.89 171.89 171.89 171.89 171.89 171.89 
1718654831526186              171.89 171.89 171.89 171.89 171.89 171.89 
1718654831536136              171.89 171.89 171.89 171.89 171.89 171.89 
1718654831545746              171.89 171.89 171.89 171.89 171.89 171.89 
1718654831573086              171.89 171.89 171.89 171.89 171.89 171.89 
1718654831574856              171.89 171.89 171.89 171.89 171.89 171.89 
1718654831586026              171.89 171.89 171.89 171.89 171.89 171.89 
1718654831595606              171.89 171.89 171.89 171.89 171.89 171.89 
1718654831613906              171.89 171.89 171.89 171.89 171.89 171.89 
1718654831637226              171.89 171.89 171.89 171.89 171.89 171.89 
1718654831647296              171.89 171.89 171.89 171.89 171.89 171.89 
1718654831660316              171.89 171.89 171.89 171.89 171.89 171.89 
1718654831663806              171.89 171.89 171.89 171.89 171.89 171.89 
1718654831691416              171.89 171.89 171.89 171.89 171.89 171.89 
1718654831706106              171.89 171.89 171.89 171.89 171.89 171.89 
1718654831725656              171.89 171.89 171.89 171.89 171.89 171.89 
1718654831741516              171.89 171.89 171.89 171.89 171.89 171.89 
1718654831744696              171.89 171.89 171.89 171.89 171.89 171.89 
1718654831760706              171.89 171.89 171.89 171.89 171.89 171.89 
1718654831774396              171.89 171.89 171.89 171.89 171.89 171.89 
1718654831817376              171.89 171.89 171.89 171.89 171.89 171.89 
1718654831822616              171.89 171.89 171.89 171.89 171.89 171.89 
1718654831841506              171.89 171.89 171.89 171.89 171.89 171.89 
1718654831853856              171.89 171.89 171.89 171.89 171.89 171.89 
1718654831870036              171.89 171.89 171.89 171.89 171.89 171.89 
1718654831875776              171.89 171.89 171.89 171.89 171.89 171.89 
1718654831887516              171.89 171.89 171.89 171.89 171.89 171.89 
1718654831891166              171.89 171.89 171.89 171.89 171.89 171.89 
1718654831959026              171.89 171.89 171.89 171.89 171.89 171.89 
1718654831962926              171.89 171.89 171.89 171.89 171.89 171.89 
1718654831979776              171.89 171.89 171.89 171.89 171.89 171.89 
1718654831983476              171.89 171.89 171.89 171.89 171.89 171.89 
1718654831995296              171.89 171.89 171.89 171.89 171.89 171.89 
1718654832008886              171.89 171.89 171.89 171.89 171.89 171.89 
1718654832013226              171.89 171.89 171.89 171.89 171.89 171.89 
1718654832024286              171.89 171.89 171.89 171.89 171.89 171.89 
1718654832058486              171.89 171.89 171.89 171.89 171.89 171.89 
1718654832067986              171.89 171.89 171.89 171.89 171.89 171.89 
1718654832070206              171.89 171.89 171.89 171.89 171.89 171.89 
1718654832094426              171.89 171.89 171.89 171.89 171.89 171.89 
1718654832101626              171.89 171.89 171.89 171.89 171.89 171.89 
1718654832116296              171.89 171.89 171.89 171.89 171.89 171.89 
1718654832122156              171.89 171.89 171.89 171.89 171.89 171.89 
1718654832135256              171.89 171.89 171.89 171.89 171.89 171.89 
1718654832144556              171.89 171.89 171.89 171.89 171.89 171.89 
1718654832161856              171.89 171.89 171.89 171.89 171.89 171.89 
1718654832206586              171.89 171.89 171.89 171.89 171.89 171.89 
1718654832210686              171.89 171.89 171.89 171.89 171.89 171.89 
1718654832232206              171.89 171.89 171.89 171.89 171.89 171.89 
1718654832255026              171.89 171.89 171.89 171.89 171.89 171.89 
1718654832259576              171.89 171.89 171.89 171.89 171.89 171.89 
1718654832273976              171.89 171.89 171.89 171.89 171.89 171.89 
1718654832282276              171.89 171.89 171.89 171.89 171.89 171.89 
1718654832288856              171.89 171.89 171.89 171.89 171.89 171.89 
1718654832298806              171.89 171.89 171.89 171.89 171.89 171.89 
1718654832321166              171.89 171.89 171.89 171.89 171.89 171.89 
1718654832335676              171.89 171.89 171.89 171.89 171.89 171.89 
1718654832369886              171.89 171.89 171.89 171.89 171.89 171.89 
1718654832387366              171.89 171.89 171.89 171.89 171.89 171.89 
1718654832407366              171.89 171.89 171.89 171.89 171.89 171.89 
1718654832420596              171.89 171.89 171.89 171.89 171.89 171.89 
1718654832433886              171.89 171.89 171.89 171.89 171.89 171.89 
1718654832453756              171.89 171.89 171.89 171.89 171.89 171.89 
1718654832457146              171.89 171.89 171.89 171.89 171.89 171.89 
1718654832484216              171.89 171.89 171.89 171.89 171.89 171.89 
1718654832495636              171.89 171.89 171.89 171.89 171.89 171.89 
1718654832539626              171.89 171.89 171.89 171.89 171.89 171.89 
1718654832547676              171.89 171.89 171.89 171.89 171.89 171.89 
1718654832581466              171.89 171.89 171.89 171.89 171.89 171.89 
1718654832598966              171.89 171.89 171.89 171.89 171.89 171.89 
1718654832616546              171.89 171.89 171.89 171.89 171.89 171.89 
1718654832630366              171.89 171.89 171.89 171.89 171.89 171.89 
1718654832636746              171.89 171.89 171.89 171.89 171.89 171.89 
1718654832648106              171.89 171.89 171.89 171.89 171.89 171.89 
1718654832664766              171.89 171.89 171.89 171.89 171.89 171.89 
1718654832666656              171.89 171.89 171.89 171.89 171.89 171.89 
1718654832677666              171.89 171.89 171.89 171.89 171.89 171.89 
1718654832693476              171.89 171.89 171.89 171.89 171.89 171.89 
1718654832695966              171.89 171.89 171.89 171.89 171.89 171.89 
1718654832724726              171.89 171.89 171.89 171.89 171.89 171.89 
1718654832740976              171.89 171.89 171.89 171.89 171.89 171.89 
1718654832749876              171.89 171.89 171.89 171.89 171.89 171.89 
1718654832759826              171.89 171.89 171.89 171.89 171.89 171.89 
1718654832778236              171.89 171.89 171.89 171.89 171.89 171.89 
1718654832784166              171.89 171.89 171.89 171.89 171.89 171.89 
1718654832803086              171.89 171.89 171.89 171.89 171.89 171.89 
1718654832805156              171.89 171.89 171.89 171.89 171.89 171.89 
1718654832820636              171.89 171.89 171.89 171.89 171.89 171.89 
1718654832835736              171.89 171.89 171.89 171.89 171.89 171.89 
1718654832850396              171.89 171.89 171.89 171.89 171.89 171.89 
1718654832859956              171.89 171.89 171.89 171.89 171.89 171.89 
1718654832871386              171.89 171.89 171.89 171.89 171.89 171.89 
1718654832878856              171.89 171.89 171.89 171.89 171.89 171.89 
1718654832892956              171.89 171.89 171.89 171.89 171.89 171.89 
1718654832892976              171.89 171.89 171.89 171.89 171.89 171.89 
1718654832907546              171.89 171.89 171.89 171.89 171.89 171.89 
1718654832935806              171.89 171.89 171.89 171.89 171.89 171.89 
1718654832948456              171.89 171.89 171.89 171.89 171.89 171.89 
1718654832957596              171.89 171.89 171.89 171.89 171.89 171.89 
1718654832968736              171.89 171.89 171.89 171.89 171.89 171.89 
1718654832977646              171.89 171.89 171.89 171.89 171.89 171.89 
1718654832992876              171.89 171.89 171.89 171.89 171.89 171.89 
1718654833003946              171.89 171.89 171.89 171.89 171.89 171.89 
1718654833044206              171.89 171.89 171.89 171.89 171.89 171.89 
1718654833059776              171.89 171.89 171.89 171.89 171.89 171.89 
1718654833072006              171.89 171.89 171.89 171.89 171.89 171.89 
1718654833087276              171.89 171.89 171.89 171.89 171.89 171.89 
1718654833123986              171.89 171.89 171.89 171.89 171.89 171.89 
1718654833138016              171.89 171.89 171.89 171.89 171.89 171.89 
1718654833146146              171.89 171.89 171.89 171.89 171.89 171.89 
1718654833181136              171.89 171.89 171.89 171.89 171.89 171.89 
1718654833204416              171.89 171.89 171.89 171.89 171.89 171.89 
1718654833230836              171.89 171.89 171.89 171.89 171.89 171.89 
1718654833259276              171.89 171.89 171.89 171.89 171.89 171.89 
1718654833261036              171.89 171.89 171.89 171.89 171.89 171.89 
1718654833293406              171.89 171.89 171.89 171.89 171.89 171.89 
1718654833337946              171.89 171.89 171.89 171.89 171.89 171.89 
1718654833342056              171.89 171.89 171.89 171.89 171.89 171.89 
1718654833356116              171.89 171.89 171.89 171.89 171.89 171.89 
1718654833361076              171.89 171.89 171.89 171.89 171.89 171.89 
1718654833388096              171.89 171.89 171.89 171.89 171.89 171.89 
1718654833391866              171.89 171.89 171.89 171.89 171.89 171.89 
1718654833407056              171.89 171.89 171.89 171.89 171.89 171.89 
1718654833409906              171.89 171.89 171.89 171.89 171.89 171.89 
1718654833434846              171.89 171.89 171.89 171.89 171.89 171.89 
1718654833445106              171.89 171.89 171.89 171.89 171.89 171.89 
1718654833448626              171.89 171.89 171.89 171.89 171.89 171.89 
1718654833474266              171.89 171.89 171.89 171.89 171.89 171.89 
1718654833481036              171.89 171.89 171.89 171.89 171.89 171.89 
1718654833509636              171.89 171.89 171.89 171.89 171.89 171.89 
1718654833523306              171.89 171.89 171.89 171.89 171.89 171.89 
1718654833527926              171.89 171.89 171.89 171.89 171.89 171.89 
1718654833545566              171.89 171.89 171.89 171.89 171.89 171.89 
1718654833568976              171.89 171.89 171.89 171.89 171.89 171.89 
1718654833577876              171.89 171.89 171.89 171.89 171.89 171.89 
1718654833590336              171.89 171.89 171.89 171.89 171.89 171.89 
1718654833633896              171.89 171.89 171.89 171.89 171.89 171.89 
1718654833649116              171.89 171.89 171.89 171.89 171.89 171.89 
1718654833656976              171.89 171.89 171.89 171.89 171.89 171.89 
1718654833712696              171.89 171.89 171.89 171.89 171.89 171.89 
1718654833767216              171.89 171.89 171.89 171.89 171.89 171.89 
1718654833779656              171.89 171.89 171.89 171.89 171.89 171.89 
1718654833801356              171.89 171.89 171.89 171.89 171.89 171.89 
1718654833811386              171.89 171.89 171.89 171.89 171.89 171.89 
1718654833827916              171.89 171.89 171.89 171.89 171.89 171.89 
1718654833865026              171.89 171.89 171.89 171.89 171.89 171.89 
1718654833873446              171.89 171.89 171.89 171.89 171.89 171.89 
1718654833882866              171.89 171.89 171.89 171.89 171.89 171.89 
1718654833885686              171.89 171.89 171.89 171.89 171.89 171.89 
1718654833900886              171.89 171.89 171.89 171.89 171.89 171.89 
1718654833956556              171.89 171.89 171.89 171.89 171.89 171.89 
1718654833965186              171.89 171.89 171.89 171.89 171.89 171.89 
1718654833976326              171.89 171.89 171.89 171.89 171.89 171.89 
1718654833995896              171.89 171.89 171.89 171.89 171.89 171.89 
1718654834012996              171.89 171.89 171.89 171.89 171.89 171.89 
1718654834014046              171.89 171.89 171.89 171.89 171.89 171.89 
1718654834035036              171.89 171.89 171.89 171.89 171.89 171.89 
1718654834052096              171.89 171.89 171.89 171.89 171.89 171.89 
1718654834053696              171.89 171.89 171.89 171.89 171.89 171.89 
1718654834070406              171.89 171.89 171.89 171.89 171.89 171.89 
1718654834087926              171.89 171.89 171.89 171.89 171.89 171.89 
1718654834108226              171.89 171.89 171.89 171.89 171.89 171.89 
1718654834132516              171.89 171.89 171.89 171.89 171.89 171.89 
1718654834133186              171.89 171.89 171.89 171.89 171.89 171.89 
1718654834153726              171.89 171.89 171.89 171.89 171.89 171.89 
1718654834167206              171.89 171.89 171.89 171.89 171.89 171.89 
1718654834178366              171.89 171.89 171.89 171.89 171.89 171.89 
1718654834192256              171.89 171.89 171.89 171.89 171.89 171.89 
1718654834194606              171.89 171.89 171.89 171.89 171.89 171.89 
1718654834208246              171.89 171.89 171.89 171.89 171.89 171.89 
1718654834220626              171.89 171.89 171.89 171.89 171.89 171.89 
1718654834230296              171.89 171.89 171.89 171.89 171.89 171.89 
1718654834234176              171.89 171.89 171.89 171.89 171.89 171.89 
1718654834251166              171.89 171.89 171.89 171.89 171.89 171.89 
1718654834254696              171.89 171.89 171.89 171.89 171.89 171.89 
1718654834262546              171.89 171.89 171.89 171.89 171.89 171.89 
1718654834278886              171.89 171.89 171.89 171.89 171.89 171.89 
1718654834282176              171.89 171.89 171.89 171.89 171.89 171.89 
1718654834300556              171.89 171.89 171.89 171.89 171.89 171.89 
1718654834303366              171.89 171.89 171.89 171.89 171.89 171.89 
1718654834320856              171.89 171.89 171.89 171.89 171.89 171.89 
1718654834327766              171.89 171.89 171.89 171.89 171.89 171.89 
1718654834335306              171.89 90.4297 90 171.89 171.89 171.89 
1718654834350906              171.89 171.89 90 171.89 171.89 171.89 
1718654834354766              171.89 171.89 90 76.9971 89.1405 76.9971 
1718654834364556              171.89 171.89 90 171.89 171.89 171.89 
1718654834375196              171.89 171.89 171.89 171.89 171.89 171.89 
1718654834386966              171.89 171.89 171.89 171.89 171.89 89.1405 
1718654834391536              171.89 171.89 171.89 171.89 171.89 171.89 
1718654834409526              171.89 171.89 171.89 171.89 171.89 171.89 
1718654834415136              171.89 171.89 171.89 171.89 171.89 171.89 
1718654834428006              171.89 171.89 171.89 171.89 171.89 171.89 
1718654834432776              171.89 171.89 171.89 171.89 171.89 171.89 
1718654834446156              171.89 171.89 171.89 171.89 171.89 171.89 
1718654834455536              171.89 171.89 171.89 171.89 171.89 171.89 
1718654834469396              171.89 171.89 171.89 171.89 171.89 171.89 
1718654834478336              171.89 171.89 171.89 171.89 171.89 171.89 
1718654834482746              171.89 171.89 171.89 171.89 171.89 171.89 
1718654834498776              171.89 171.89 171.89 171.89 171.89 171.89 
1718654834508376             89.1405 89.5703 171.89 89.1405 171.89 90 
1718654834509976                  90 171.89 171.89 90 89.5703 89.1405 
1718654834526546              171.89 171.89 171.89 171.89 171.89 171.89 
1718654834533186              171.89 171.89 171.89 171.89 171.89 171.89 
1718654834539736              171.89 171.89 171.89 171.89 171.89 171.89 
1718654834556376              171.89 171.89 171.89 171.89 171.89 171.89 
1718654834568566              171.89 171.89 171.89 171.89 171.89 171.89 
1718654834577366              171.89 171.89 171.89 171.89 171.89 171.89 
1718654834579886              171.89 171.89 171.89 171.89 171.89 171.89 
1718654834592486              171.89 171.89 171.89 171.89 171.89 171.89 
1718654834608286              171.89 171.89 171.89 171.89 171.89 171.89 
1718654834612816              171.89 171.89 171.89 171.89 171.89 171.89 
1718654834626496              171.89 171.89 171.89 171.89 171.89 171.89 
1718654834636846              171.89 171.89 171.89 171.89 171.89 171.89 
1718654834647466              171.89 171.89 171.89 171.89 171.89 171.89 
1718654834649746              171.89 171.89 171.89 171.89 171.89 171.89 
1718654834662186              171.89 171.89 171.89 171.89 171.89 171.89 
1718654834672626              171.89 171.89 171.89 171.89 171.89 171.89 
1718654834681086              171.89 171.89 171.89 171.89 171.89 171.89 
1718654834690766              171.89 171.89 171.89 171.89 171.89 171.89 
1718654834702846              171.89 171.89 171.89 171.89 171.89 171.89 
1718654834713836              171.89 171.89 171.89 171.89 171.89 171.89 
1718654834720606              171.89 171.89 171.89 171.89 171.89 171.89 
1718654834732556              171.89 171.89 171.89 171.89 171.89 171.89 
1718654834746946              171.89 171.89 171.89 171.89 171.89 171.89 
1718654834757106              171.89 171.89 171.89 171.89 171.89 171.89 
1718654834762776              171.89 171.89 171.89 171.89 171.89 171.89 
1718654834775946              171.89 171.89 171.89 171.89 171.89 171.89 
1718654834779746              171.89 171.89 171.89 171.89 171.89 171.89 
1718654834788886              171.89 171.89 171.89 171.89 171.89 171.89 
1718654834806766              171.89 171.89 171.89 171.89 171.89 171.89 
1718654834809796              171.89 171.89 171.89 171.89 171.89 171.89 
1718654834825986              171.89 171.89 171.89 171.89 171.89 171.89 
1718654834834016              171.89 171.89 171.89 171.89 171.89 171.89 
1718654834839596              171.89 171.89 171.89 171.89 171.89 171.89 
1718654834856306              171.89 171.89 171.89 171.89 171.89 171.89 
1718654834858816              171.89 171.89 171.89 171.89 171.89 171.89 
1718654834875596              171.89 171.89 171.89 171.89 171.89 171.89 
1718654834877156              171.89 171.89 171.89 171.89 171.89 171.89 
1718654834893976              171.89 171.89 171.89 171.89 171.89 171.89 
1718654834898926              171.89 171.89 171.89 171.89 171.89 171.89 
1718654834921506              171.89 171.89 171.89 171.89 171.89 171.89 
1718654834934676              171.89 171.89 171.89 171.89 171.89 171.89 
1718654834940616              171.89 171.89 171.89 171.89 171.89 171.89 
1718654834953006              171.89 171.89 171.89 171.89 171.89 171.89 
1718654834959736              171.89 171.89 171.89 171.89 171.89 171.89 
1718654834978576              171.89 171.89 171.89 171.89 171.89 171.89 
1718654834992736              171.89 171.89 171.89 171.89 171.89 171.89 
1718654834997336              171.89 171.89 171.89 171.89 171.89 171.89 
1718654835011596              171.89 171.89 171.89 171.89 171.89 171.89 
1718654835019236              171.89 171.89 171.89 171.89 171.89 171.89 
1718654835045106              171.89 171.89 171.89 171.89 171.89 171.89 
1718654835045696             88.2809 90 89.7135 89.1405 90 89.1405 
1718654835060696              171.89 171.89 171.89 171.89 171.89 171.89 
1718654835072156              171.89 171.89 171.89 171.89 171.89 171.89 
1718654835076176              171.89 171.89 171.89 171.89 171.89 171.89 
1718654835104156              171.89 171.89 171.89 171.89 171.89 171.89 
1718654835112146              171.89 171.89 171.89 171.89 171.89 171.89 
1718654835128396              171.89 171.89 171.89 171.89 171.89 171.89 
1718654835140366              171.89 171.89 171.89 171.89 171.89 171.89 
1718654835152896              171.89 171.89 171.89 171.89 171.89 171.89 
1718654835155776              171.89 171.89 171.89 171.89 171.89 171.89 
1718654835182036              171.89 171.89 171.89 171.89 171.89 171.89 
1718654835188746              171.89 171.89 171.89 171.89 171.89 171.89 
1718654835218766              171.89 171.89 171.89 171.89 171.89 171.89 
1718654835233656              171.89 171.89 171.89 171.89 171.89 171.89 
1718654835273866              171.89 171.89 171.89 171.89 171.89 171.89 
1718654835289936              171.89 171.89 171.89 171.89 171.89 171.89 
1718654835322436              171.89 171.89 171.89 171.89 171.89 171.89 
1718654835324876              171.89 171.89 171.89 171.89 171.89 171.89 
1718654835343526              171.89 171.89 171.89 171.89 171.89 171.89 
1718654835354156              171.89 171.89 171.89 171.89 171.89 171.89 
1718654835374086              171.89 171.89 171.89 171.89 171.89 171.89 
1718654835392176              171.89 171.89 171.89 171.89 171.89 171.89 
1718654835397656              171.89 171.89 171.89 171.89 171.89 171.89 
1718654835417446              171.89 171.89 171.89 171.89 171.89 171.89 
1718654835438756              171.89 171.89 171.89 171.89 171.89 171.89 
1718654835463706              171.89 171.89 171.89 171.89 171.89 171.89 
1718654835478106              171.89 171.89 171.89 171.89 171.89 171.89 
1718654835487496              171.89 171.89 171.89 171.89 171.89 171.89 
1718654835501846              171.89 171.89 171.89 171.89 171.89 171.89 
1718654835503906              171.89 171.89 171.89 171.89 171.89 171.89 
1718654835518886              171.89 171.89 171.89 171.89 171.89 171.89 
1718654835530316              171.89 171.89 171.89 171.89 171.89 171.89 
1718654835560596              171.89 171.89 171.89 171.89 171.89 171.89 
1718654835564216              171.89 171.89 171.89 171.89 171.89 171.89 
1718654835582226              171.89 171.89 171.89 171.89 171.89 171.89 
1718654835600516              171.89 171.89 171.89 171.89 171.89 171.89 
1718654835622006              171.89 171.89 171.89 171.89 171.89 171.89 
1718654835637346              171.89 171.89 171.89 171.89 171.89 171.89 
1718654835653016              171.89 171.89 171.89 171.89 171.89 171.89 
1718654835675116              171.89 171.89 171.89 171.89 171.89 171.89 
1718654835694966              171.89 171.89 171.89 171.89 171.89 171.89 
1718654835709286              171.89 171.89 171.89 171.89 171.89 171.89 
1718654835713626              171.89 171.89 171.89 171.89 171.89 171.89 
1718654835728636              171.89 171.89 171.89 171.89 171.89 171.89 
1718654835730676              171.89 171.89 171.89 171.89 171.89 171.89 
1718654835754166              171.89 171.89 171.89 171.89 171.89 171.89 
1718654835767456              171.89 171.89 171.89 171.89 171.89 171.89 
1718654835779456              171.89 171.89 171.89 171.89 171.89 171.89 
1718654835797576              171.89 171.89 171.89 171.89 171.89 171.89 
1718654835802036              171.89 171.89 171.89 171.89 171.89 171.89 
1718654835826356              171.89 171.89 171.89 171.89 171.89 171.89 
1718654835833346              171.89 171.89 171.89 171.89 171.89 171.89 
1718654835846816              171.89 171.89 171.89 171.89 171.89 171.89 
1718654835856196              171.89 171.89 171.89 171.89 171.89 171.89 
1718654835864646              171.89 171.89 171.89 171.89 171.89 171.89 
1718654835875666              171.89 171.89 171.89 171.89 171.89 171.89 
1718654835878946              171.89 171.89 171.89 171.89 171.89 171.89 
1718654835898096              171.89 171.89 171.89 171.89 171.89 171.89 
1718654835902476              171.89 171.89 171.89 171.89 171.89 171.89 
1718654835912926              171.89 171.89 171.89 171.89 171.89 171.89 
1718654835926606              171.89 171.89 171.89 171.89 171.89 171.89 
1718654835932846              171.89 171.89 171.89 171.89 171.89 171.89 
1718654835942996              171.89 171.89 171.89 171.89 171.89 171.89 
1718654835955916              171.89 171.89 171.89 171.89 171.89 171.89 
1718654835965186              171.89 171.89 171.89 171.89 171.89 171.89 
1718654835969966              171.89 171.89 171.89 171.89 171.89 171.89 
1718654835993746              171.89 171.89 171.89 171.89 171.89 171.89 
1718654836007756              171.89 171.89 171.89 171.89 171.89 171.89 
1718654836010966              171.89 171.89 171.89 171.89 171.89 171.89 
1718654836018346              171.89 171.89 171.89 171.89 171.89 171.89 
1718654836031256              171.89 171.89 171.89 171.89 171.89 171.89 
1718654836051066              171.89 171.89 171.89 171.89 171.89 171.89 
1718654836060036              171.89 171.89 171.89 171.89 171.89 171.89 
1718654836069316              171.89 171.89 171.89 171.89 171.89 171.89 
1718654836077876              171.89 171.89 171.89 171.89 171.89 171.89 
1718654836094886              171.89 171.89 171.89 171.89 171.89 171.89 
1718654836101986              171.89 171.89 171.89 171.89 171.89 171.89 
1718654836115096              171.89 171.89 171.89 171.89 171.89 171.89 
1718654836117396              171.89 171.89 171.89 171.89 171.89 171.89 
1718654836130916              171.89 171.89 171.89 171.89 171.89 171.89 
1718654836136866              171.89 171.89 171.89 171.89 171.89 171.89 
1718654836154396              171.89 171.89 171.89 171.89 171.89 171.89 
1718654836159216              171.89 171.89 171.89 171.89 171.89 171.89 
1718654836171796              171.89 171.89 171.89 171.89 171.89 171.89 
1718654836177676              171.89 171.89 171.89 171.89 171.89 171.89 
1718654836187876              171.89 171.89 171.89 171.89 171.89 171.89 
1718654836203656              171.89 171.89 171.89 171.89 171.89 171.89 
1718654836206546              171.89 171.89 171.89 171.89 171.89 171.89 
1718654836223396              171.89 171.89 171.89 171.89 171.89 171.89 
1718654836229356              171.89 171.89 171.89 171.89 171.89 171.89 
1718654836238176              171.89 171.89 171.89 171.89 171.89 171.89 
1718654836250686              171.89 171.89 171.89 171.89 171.89 171.89 
1718654836259976              171.89 171.89 171.89 171.89 171.89 171.89 
1718654836282066              171.89 171.89 171.89 171.89 171.89 171.89 
1718654836288706              171.89 171.89 171.89 171.89 171.89 171.89 
1718654836304806              171.89 171.89 171.89 171.89 171.89 171.89 
1718654836309136              171.89 171.89 171.89 171.89 171.89 171.89 
1718654836318706              171.89 171.89 171.89 171.89 171.89 171.89 
1718654836326376              171.89 171.89 171.89 171.89 171.89 171.89 
1718654836343506              171.89 171.89 171.89 171.89 171.89 171.89 
1718654836350146              171.89 171.89 171.89 171.89 171.89 171.89 
1718654836362086              171.89 171.89 171.89 171.89 171.89 171.89 
1718654836371546              171.89 171.89 171.89 171.89 171.89 171.89 
1718654836376186              171.89 171.89 171.89 171.89 171.89 171.89 
1718654836386406              171.89 171.89 171.89 171.89 171.89 171.89 
1718654836404256              171.89 171.89 171.89 171.89 171.89 171.89 
1718654836407266              171.89 171.89 171.89 171.89 171.89 171.89 
1718654836420686              171.89 171.89 171.89 171.89 171.89 171.89 
1718654836429666              171.89 171.89 171.89 171.89 171.89 171.89 
1718654836442756              171.89 171.89 171.89 171.89 171.89 171.89 
1718654836445646              171.89 171.89 171.89 171.89 171.89 171.89 
1718654836463966              171.89 171.89 171.89 171.89 171.89 171.89 
1718654836464196              171.89 171.89 171.89 171.89 171.89 171.89 
1718654836482716              171.89 171.89 171.89 171.89 171.89 171.89 
1718654836484036              171.89 171.89 171.89 171.89 171.89 171.89 
1718654836499956              171.89 171.89 171.89 171.89 171.89 171.89 
1718654836505846              171.89 171.89 171.89 171.89 171.89 171.89 
1718654836529566              171.89 171.89 171.89 171.89 171.89 171.89 
1718654836543196              171.89 171.89 171.89 171.89 171.89 171.89 
1718654836544116              171.89 171.89 171.89 171.89 171.89 171.89 
1718654836560036              171.89 171.89 171.89 171.89 171.89 171.89 
1718654836574756              171.89 171.89 171.89 171.89 171.89 171.89 
1718654836585566              171.89 171.89 171.89 171.89 171.89 171.89 
1718654836597926              171.89 171.89 171.89 171.89 171.89 171.89 
1718654836606106              171.89 171.89 171.89 171.89 171.89 171.89 
1718654836620456              171.89 171.89 171.89 171.89 171.89 171.89 
1718654836625616              171.89 171.89 171.89 171.89 171.89 171.89 
1718654836634916              171.89 171.89 171.89 171.89 171.89 171.89 
1718654836652156              171.89 171.89 171.89 171.89 171.89 171.89 
1718654836659046              171.89 171.89 171.89 171.89 171.89 171.89 
1718654836664796              171.89 171.89 171.89 171.89 171.89 171.89 
1718654836679196              171.89 171.89 171.89 171.89 171.89 171.89 
1718654836685466              171.89 171.89 171.89 171.89 171.89 171.89 
1718654836701896              171.89 171.89 171.89 171.89 171.89 171.89 
1718654836704726              171.89 171.89 171.89 171.89 171.89 171.89 
1718654836719696              171.89 171.89 171.89 171.89 171.89 171.89 
1718654836731896              171.89 171.89 171.89 171.89 171.89 171.89 
1718654836740536              171.89 171.89 171.89 171.89 171.89 171.89 
1718654836750026              171.89 171.89 171.89 171.89 171.89 171.89 
1718654836752116              171.89 171.89 171.89 171.89 171.89 171.89 
1718654836767056              171.89 171.89 171.89 171.89 171.89 171.89 
1718654836772166              171.89 171.89 171.89 171.89 171.89 171.89 
1718654836784846              171.89 171.89 171.89 171.89 171.89 171.89 
1718654836797646              171.89 171.89 171.89 171.89 171.89 171.89 
