Timestamp (microseconds)      Peak Amplitude
1718654849672306             154.158 154.158 154.158 154.158 154.158 154.158 
1718654849685486             154.158 154.158 154.158 154.158 154.158 154.158 
1718654849701976             154.158 154.158 154.158 154.158 154.158 154.158 
1718654849711486             154.158 154.158 154.158 154.158 154.158 154.158 
1718654849727956             154.158 154.158 154.158 154.158 154.158 154.158 
1718654849747896             154.158 154.158 154.158 154.158 154.158 154.158 
1718654849763046             154.158 154.158 154.158 154.158 154.158 154.158 
1718654849779666             154.158 154.158 154.158 154.158 154.158 154.158 
1718654849795346             154.158 154.158 154.158 154.158 154.158 154.158 
1718654849802096             154.158 154.158 154.158 154.158 154.158 154.158 
1718654849816106             154.158 154.158 154.158 154.158 154.158 154.158 
1718654849825106             154.158 154.158 154.158 154.158 154.158 154.158 
1718654849829386             154.158 154.158 154.158 154.158 154.158 154.158 
1718654849839536             154.158 154.158 154.158 154.158 154.158 154.158 
1718654849847536             154.158 154.158 154.158 154.158 154.158 154.158 
1718654849856596             154.158 154.158 154.158 154.158 154.158 154.158 
1718654849867486             154.158 154.158 154.158 154.158 154.158 154.158 
1718654849881306             154.158 154.158 154.158 154.158 154.158 154.158 
1718654849887996             154.158 154.158 154.158 154.158 154.158 154.158 
1718654849902836             154.158 154.158 154.158 154.158 154.158 154.158 
1718654849909116             154.158 154.158 154.158 154.158 154.158 154.158 
1718654849939666             154.158 154.158 154.158 154.158 154.158 154.158 
1718654849960606             154.158 154.158 154.158 154.158 154.158 154.158 
1718654849967966             154.158 154.158 154.158 154.158 154.158 154.158 
1718654849994256             154.158 154.158 154.158 154.158 154.158 154.158 
1718654849995936             154.158 154.158 154.158 154.158 154.158 154.158 
1718654850005306             154.158 154.158 154.158 154.158 154.158 154.158 
1718654850031056             154.158 154.158 154.158 154.158 154.158 154.158 
1718654850041406             154.158 154.158 154.158 154.158 154.158 154.158 
1718654850045606             154.158 154.158 154.158 154.158 154.158 154.158 
1718654850071286             154.158 154.158 154.158 154.158 154.158 154.158 
1718654850080876             154.158 154.158 154.158 154.158 154.158 154.158 
1718654850107466             154.158 154.158 154.158 154.158 154.158 154.158 
1718654850117656             154.158 154.158 154.158 154.158 154.158 154.158 
1718654850124366             154.158 154.158 154.158 154.158 154.158 154.158 
1718654850155336             154.158 154.158 154.158 154.158 154.158 154.158 
1718654850170696             154.158 154.158 154.158 154.158 154.158 154.158 
1718654850180466             154.158 154.158 154.158 154.158 154.158 154.158 
1718654850185036             154.158 154.158 154.158 154.158 154.158 154.158 
1718654850209236             154.158 154.158 154.158 154.158 154.158 154.158 
1718654850214156             154.158 154.158 154.158 154.158 154.158 154.158 
1718654850231146             154.158 154.158 154.158 154.158 154.158 154.158 
1718654850247796             154.158 154.158 154.158 154.158 154.158 154.158 
1718654850262036             154.158 154.158 154.158 154.158 154.158 154.158 
1718654850272556             154.158 154.158 154.158 154.158 154.158 154.158 
1718654850278616             154.158 154.158 154.158 154.158 154.158 154.158 
1718654850291256             154.158 154.158 154.158 154.158 154.158 154.158 
1718654850296516             154.158 154.158 154.158 154.158 154.158 154.158 
1718654850304886             154.158 154.158 154.158 154.158 154.158 154.158 
1718654850318846             154.158 154.158 154.158 154.158 154.158 154.158 
1718654850323566             154.158 154.158 154.158 154.158 154.158 154.158 
1718654850340326             154.158 154.158 154.158 154.158 154.158 154.158 
1718654850346796             154.158 154.158 154.158 154.158 154.158 154.158 
1718654850352806             154.158 154.158 154.158 154.158 154.158 154.158 
1718654850368546             154.158 154.158 154.158 154.158 154.158 154.158 
1718654850377816             154.158 154.158 90 154.158 154.158 154.158 
1718654850388816             154.158 154.158 154.158 154.158 154.158 154.158 
1718654850394366             154.158 154.158 154.158 90 90 90 
1718654850402316                  90 90 90 90 90 154.158 
1718654850420616             154.158 154.158 154.158 154.158 154.158 154.158 
1718654850422956             154.158 90.4297 154.158 154.158 154.158 154.158 
1718654850441296             154.158 154.158 154.158 154.158 154.158 154.158 
1718654850442556             154.158 154.158 154.158 154.158 154.158 154.158 
1718654850455996             154.158 154.158 90 154.158 154.158 154.158 
1718654850465416             154.158 154.158 154.158 154.158 154.158 154.158 
1718654850473816             154.158 154.158 154.158 154.158 154.158 154.158 
1718654850484526             154.158 154.158 154.158 154.158 154.158 154.158 
1718654850500846             154.158 154.158 90 154.158 90.4297 154.158 
1718654850501006             154.158 90.4297 90 154.158 154.158 154.158 
1718654850513846             154.158 154.158 154.158 154.158 154.158 154.158 
1718654850521786             154.158 154.158 154.158 154.158 154.158 154.158 
1718654850530756             154.158 154.158 154.158 154.158 154.158 154.158 
1718654850547416             154.158 154.158 154.158 154.158 154.158 154.158 
1718654850551076             154.158 154.158 154.158 154.158 154.158 154.158 
1718654850568916             154.158 154.158 154.158 154.158 154.158 154.158 
1718654850574476                  90 154.158 154.158 90 96.4594 90.8595 
1718654850580956                  90 90.4297 90.573 90.8595 90.4297 154.158 
1718654850596606             154.158 154.158 154.158 154.158 154.158 154.158 
1718654850607536             154.158 154.158 154.158 154.158 154.158 154.158 
1718654850614986             154.158 154.158 154.158 154.158 154.158 154.158 
1718654850624356             154.158 154.158 154.158 154.158 154.158 154.158 
1718654850637486             154.158 154.158 154.158 154.158 154.158 154.158 
1718654850647146             154.158 154.158 154.158 154.158 154.158 154.158 
1718654850656596             154.158 154.158 154.158 154.158 154.158 154.158 
1718654850661046             154.158 154.158 154.158 154.158 154.158 154.158 
1718654850669706             154.158 154.158 154.158 154.158 154.158 154.158 
1718654850685666             154.158 154.158 154.158 154.158 154.158 154.158 
1718654850692146             154.158 154.158 154.158 154.158 154.158 154.158 
1718654850708426             154.158 154.158 154.158 154.158 154.158 154.158 
1718654850709756             154.158 154.158 154.158 154.158 154.158 154.158 
1718654850719586             154.158 154.158 154.158 154.158 154.158 154.158 
1718654850732126             154.158 154.158 154.158 154.158 154.158 154.158 
1718654850739646             154.158 154.158 154.158 154.158 154.158 154.158 
1718654850751556             154.158 154.158 154.158 154.158 154.158 154.158 
1718654850758956             154.158 154.158 154.158 154.158 154.158 154.158 
1718654850778076             144.096 144.096 144.096 144.096 144.096 144.096 
1718654850780096             144.096 144.096 144.096 144.096 144.096 144.096 
1718654850797916             144.096 144.096 144.096 144.096 144.096 144.096 
1718654850815356             144.096 144.096 144.096 144.096 144.096 144.096 
1718654850819076             144.096 144.096 144.096 144.096 144.096 144.096 
1718654850834076             144.096 144.096 144.096 144.096 144.096 144.096 
1718654850844226             144.096 144.096 144.096 144.096 144.096 144.096 
1718654850856346             144.096 144.096 144.096 144.096 144.096 144.096 
1718654850858726             144.096 144.096 144.096 144.096 144.096 144.096 
1718654850868616             144.096 144.096 144.096 144.096 144.096 144.096 
1718654850883196             144.096 144.096 144.096 144.096 144.096 144.096 
1718654850895836             144.096 144.096 144.096 144.096 144.096 144.096 
1718654850903706             144.096 144.096 144.096 144.096 144.096 144.096 
1718654850908636             144.096 144.096 144.096 144.096 144.096 144.096 
1718654850925756             144.096 144.096 144.096 144.096 144.096 144.096 
1718654850931196             144.096 144.096 144.096 144.096 144.096 144.096 
1718654850937906             144.096 144.096 144.096 144.096 144.096 144.096 
1718654850949406             144.096 144.096 144.096 144.096 144.096 144.096 
1718654850957976             144.096 144.096 144.096 144.096 144.096 144.096 
1718654850972006             144.096 144.096 144.096 144.096 144.096 144.096 
1718654850982996             144.096 144.096 144.096 144.096 144.096 144.096 
1718654850990396             144.096 144.096 144.096 144.096 144.096 144.096 
1718654850998276             144.096 144.096 144.096 144.096 144.096 144.096 
1718654851021576             144.096 144.096 144.096 144.096 144.096 144.096 
1718654851037886             144.096 144.096 144.096 144.096 144.096 144.096 
1718654851051016             144.096 144.096 144.096 144.096 144.096 144.096 
1718654851057386             144.096 144.096 144.096 144.096 144.096 144.096 
1718654851068276             144.096 144.096 144.096 144.096 144.096 144.096 
1718654851084726             144.096 144.096 144.096 144.096 144.096 144.096 
1718654851096416             144.096 144.096 144.096 144.096 144.096 144.096 
1718654851116316             144.096 144.096 144.096 144.096 144.096 144.096 
1718654851131216             144.096 144.096 144.096 144.096 144.096 144.096 
1718654851146846             144.096 144.096 144.096 144.096 144.096 144.096 
1718654851156586             144.096 144.096 144.096 144.096 144.096 144.096 
1718654851175476             144.096 144.096 144.096 144.096 144.096 144.096 
1718654851175556             144.096 144.096 144.096 144.096 144.096 144.096 
1718654851202586             144.096 144.096 144.096 144.096 144.096 144.096 
1718654851205536             144.096 144.096 144.096 144.096 144.096 144.096 
1718654851222276             144.096 144.096 144.096 144.096 144.096 144.096 
1718654851235746             144.096 144.096 144.096 144.096 144.096 144.096 
1718654851264176             144.096 144.096 144.096 144.096 144.096 144.096 
1718654851265606             144.096 144.096 144.096 144.096 144.096 144.096 
1718654851291966             144.096 144.096 144.096 144.096 144.096 144.096 
1718654851295146             144.096 144.096 144.096 144.096 144.096 144.096 
1718654851317276             144.096 144.096 144.096 144.096 144.096 144.096 
1718654851333686             144.096 144.096 144.096 144.096 144.096 144.096 
1718654851335706             144.096 144.096 144.096 144.096 144.096 144.096 
1718654851356916             144.096 144.096 144.096 144.096 144.096 144.096 
1718654851370936             144.096 144.096 144.096 144.096 144.096 144.096 
1718654851380826             144.096 144.096 144.096 144.096 144.096 144.096 
1718654851391966             144.096 144.096 144.096 144.096 144.096 144.096 
1718654851396496             144.096 144.096 144.096 144.096 144.096 144.096 
1718654851407596             144.096 144.096 144.096 144.096 144.096 144.096 
1718654851425506             144.096 144.096 144.096 144.096 144.096 144.096 
1718654851450326             144.096 144.096 144.096 144.096 144.096 144.096 
1718654851460466             144.096 144.096 144.096 144.096 144.096 144.096 
1718654851478236             144.096 144.096 144.096 144.096 144.096 144.096 
1718654851497896             144.096 144.096 144.096 144.096 144.096 144.096 
1718654851504676             144.096 144.096 144.096 144.096 144.096 144.096 
1718654851522696             144.096 144.096 144.096 144.096 144.096 144.096 
1718654851524906             144.096 144.096 144.096 144.096 144.096 144.096 
1718654851534856             144.096 144.096 144.096 144.096 144.096 144.096 
1718654851544466             144.096 144.096 144.096 144.096 144.096 144.096 
1718654851571806             144.096 144.096 144.096 144.096 144.096 144.096 
1718654851573576             144.096 144.096 144.096 144.096 144.096 144.096 
1718654851584746             144.096 144.096 144.096 144.096 144.096 144.096 
1718654851594326             144.096 144.096 144.096 144.096 144.096 144.096 
1718654851612626             144.096 144.096 144.096 144.096 144.096 144.096 
1718654851635946             144.096 144.096 144.096 144.096 144.096 144.096 
1718654851646016             144.096 144.096 144.096 144.096 144.096 144.096 
1718654851659036             144.096 144.096 144.096 144.096 144.096 144.096 
1718654851662526             144.096 144.096 144.096 144.096 144.096 144.096 
1718654851690136             144.096 144.096 144.096 144.096 144.096 144.096 
1718654851704826             144.096 144.096 144.096 144.096 144.096 144.096 
1718654851724376             144.096 144.096 144.096 144.096 144.096 144.096 
1718654851740236             144.096 144.096 144.096 144.096 144.096 144.096 
1718654851743416             144.096 144.096 144.096 144.096 144.096 144.096 
1718654851759426             144.096 144.096 144.096 144.096 144.096 144.096 
1718654851773116             144.096 144.096 144.096 144.096 144.096 144.096 
1718654851816096             144.096 144.096 144.096 144.096 144.096 144.096 
1718654851821336             144.096 144.096 144.096 144.096 144.096 144.096 
1718654851840226             144.096 144.096 144.096 144.096 144.096 144.096 
1718654851852576             144.096 144.096 144.096 144.096 144.096 144.096 
1718654851868756             144.096 144.096 144.096 144.096 144.096 144.096 
1718654851874496             144.096 144.096 144.096 144.096 144.096 144.096 
1718654851886236             144.096 144.096 144.096 144.096 144.096 144.096 
1718654851889886             144.096 144.096 144.096 144.096 144.096 144.096 
1718654851957746             144.096 144.096 144.096 144.096 144.096 144.096 
1718654851961646             144.096 144.096 144.096 144.096 144.096 144.096 
1718654851978496             144.096 144.096 144.096 144.096 144.096 144.096 
1718654851982196             144.096 144.096 144.096 144.096 144.096 144.096 
1718654851994016             144.096 144.096 144.096 144.096 144.096 144.096 
1718654852007606             144.096 144.096 144.096 144.096 144.096 144.096 
1718654852011946             144.096 144.096 144.096 144.096 144.096 144.096 
1718654852023006             144.096 144.096 144.096 144.096 144.096 144.096 
1718654852057206             144.096 144.096 144.096 144.096 144.096 144.096 
1718654852066706             144.096 144.096 144.096 144.096 144.096 144.096 
1718654852068926             144.096 144.096 144.096 144.096 144.096 144.096 
1718654852093146             144.096 144.096 144.096 144.096 144.096 144.096 
1718654852100346             144.096 144.096 144.096 144.096 144.096 144.096 
1718654852115016             144.096 144.096 144.096 144.096 144.096 144.096 
1718654852120876             144.096 144.096 144.096 144.096 144.096 144.096 
1718654852133976             144.096 144.096 144.096 144.096 144.096 144.096 
1718654852143276             144.096 144.096 144.096 144.096 144.096 144.096 
1718654852160576             144.096 144.096 144.096 144.096 144.096 144.096 
1718654852205306             144.096 144.096 144.096 144.096 144.096 144.096 
1718654852209406             144.096 144.096 144.096 144.096 144.096 144.096 
1718654852230926             144.096 144.096 144.096 144.096 144.096 144.096 
1718654852253746             144.096 144.096 144.096 144.096 144.096 144.096 
1718654852258296             144.096 144.096 144.096 144.096 144.096 144.096 
1718654852272696             144.096 144.096 144.096 144.096 144.096 144.096 
1718654852280996             144.096 144.096 144.096 144.096 144.096 144.096 
1718654852287576             144.096 144.096 144.096 144.096 144.096 144.096 
1718654852297526             144.096 144.096 144.096 144.096 144.096 144.096 
1718654852319886             144.096 144.096 144.096 144.096 144.096 144.096 
1718654852334396             144.096 144.096 144.096 144.096 144.096 144.096 
1718654852368606             144.096 144.096 144.096 144.096 144.096 144.096 
1718654852386086             144.096 144.096 144.096 144.096 144.096 144.096 
1718654852406086             144.096 144.096 144.096 144.096 144.096 144.096 
1718654852419316             144.096 144.096 144.096 144.096 144.096 144.096 
1718654852432606             144.096 144.096 144.096 144.096 144.096 144.096 
1718654852452476             144.096 144.096 144.096 144.096 144.096 144.096 
1718654852455866             144.096 144.096 144.096 144.096 144.096 144.096 
1718654852482936             144.096 144.096 144.096 144.096 144.096 144.096 
1718654852494356             144.096 144.096 144.096 144.096 144.096 144.096 
1718654852538346             144.096 144.096 144.096 144.096 144.096 144.096 
1718654852546396             144.096 144.096 144.096 144.096 144.096 144.096 
1718654852580186             144.096 144.096 144.096 144.096 144.096 144.096 
1718654852597686             144.096 144.096 144.096 144.096 144.096 144.096 
1718654852615266             144.096 144.096 144.096 144.096 144.096 144.096 
1718654852629086             144.096 144.096 144.096 144.096 144.096 144.096 
1718654852635466             144.096 144.096 144.096 144.096 144.096 144.096 
1718654852646826             144.096 144.096 144.096 144.096 144.096 144.096 
1718654852663486             144.096 144.096 144.096 144.096 144.096 144.096 
1718654852665376             144.096 144.096 144.096 144.096 144.096 144.096 
1718654852676386             144.096 144.096 144.096 144.096 144.096 144.096 
1718654852692196             144.096 144.096 144.096 144.096 144.096 144.096 
1718654852694686             144.096 144.096 144.096 144.096 144.096 90 
1718654852723446             144.096 144.096 144.096 144.096 144.096 144.096 
1718654852739696             144.096 144.096 144.096 144.096 144.096 144.096 
1718654852748596             144.096 144.096 144.096 144.096 144.096 144.096 
1718654852758546             144.096 144.096 144.096 144.096 144.096 144.096 
1718654852776956             144.096 144.096 144.096 144.096 144.096 144.096 
1718654852782886             144.096 144.096 144.096 144.096 144.096 144.096 
1718654852801806             144.096 144.096 144.096 144.096 144.096 144.096 
1718654852803876             144.096 144.096 144.096 144.096 144.096 144.096 
1718654852819356             144.096 144.096 144.096 144.096 144.096 144.096 
1718654852834456             144.096 144.096 144.096 144.096 144.096 144.096 
1718654852849116             144.096 144.096 144.096 144.096 144.096 144.096 
1718654852858676             144.096 144.096 144.096 144.096 144.096 144.096 
1718654852870106             144.096 144.096 144.096 144.096 144.096 144.096 
1718654852877576             144.096 144.096 144.096 144.096 144.096 144.096 
1718654852891676             144.096 144.096 144.096 144.096 144.096 144.096 
1718654852891696             144.096 144.096 144.096 144.096 144.096 144.096 
1718654852906266             144.096 144.096 144.096 144.096 144.096 144.096 
1718654852934526             144.096 144.096 144.096 144.096 144.096 144.096 
1718654852947176             144.096 144.096 144.096 144.096 144.096 144.096 
1718654852956316             144.096 144.096 144.096 144.096 144.096 144.096 
1718654852967456             144.096 144.096 144.096 144.096 144.096 144.096 
1718654852976366             144.096 144.096 144.096 144.096 144.096 144.096 
1718654852991596             144.096 144.096 144.096 144.096 144.096 144.096 
1718654853002666             144.096 144.096 144.096 144.096 144.096 144.096 
1718654853042926             144.096 144.096 144.096 144.096 144.096 144.096 
1718654853058496             144.096 144.096 144.096 144.096 144.096 144.096 
1718654853070726             144.096 144.096 144.096 144.096 144.096 144.096 
1718654853085996             144.096 144.096 144.096 144.096 144.096 144.096 
1718654853122706             144.096 144.096 144.096 144.096 144.096 144.096 
1718654853136736             144.096 144.096 144.096 144.096 144.096 144.096 
1718654853144866             144.096 144.096 144.096 144.096 144.096 144.096 
1718654853179856             144.096 144.096 144.096 144.096 144.096 144.096 
1718654853203136             144.096 144.096 144.096 144.096 144.096 144.096 
1718654853229556             144.096 144.096 144.096 144.096 144.096 144.096 
1718654853257996             144.096 144.096 144.096 144.096 144.096 144.096 
1718654853259756             144.096 144.096 144.096 144.096 144.096 144.096 
1718654853292126             144.096 144.096 144.096 144.096 144.096 144.096 
1718654853336666             144.096 144.096 144.096 144.096 144.096 144.096 
1718654853340776             144.096 144.096 144.096 144.096 144.096 144.096 
1718654853354836             144.096 144.096 144.096 144.096 144.096 144.096 
1718654853359796             144.096 144.096 144.096 144.096 144.096 144.096 
1718654853386816             144.096 144.096 144.096 144.096 144.096 144.096 
1718654853390586             144.096 144.096 144.096 144.096 144.096 144.096 
1718654853405776             144.096 144.096 144.096 144.096 144.096 144.096 
1718654853408626             144.096 144.096 144.096 144.096 144.096 144.096 
1718654853433566             144.096 144.096 144.096 144.096 144.096 144.096 
1718654853443826             144.096 144.096 144.096 144.096 144.096 144.096 
1718654853447346             144.096 144.096 144.096 144.096 144.096 144.096 
1718654853472986             144.096 144.096 144.096 144.096 144.096 144.096 
1718654853479756             144.096 144.096 144.096 144.096 144.096 144.096 
1718654853508356             144.096 144.096 144.096 144.096 144.096 144.096 
1718654853522026             144.096 144.096 144.096 144.096 144.096 144.096 
1718654853526646             144.096 144.096 144.096 144.096 144.096 144.096 
1718654853544286             144.096 144.096 144.096 144.096 144.096 144.096 
1718654853567696             144.096 144.096 144.096 144.096 144.096 144.096 
1718654853576596             144.096 144.096 144.096 144.096 144.096 144.096 
1718654853589056             144.096 144.096 144.096 144.096 144.096 144.096 
1718654853632616             144.096 144.096 144.096 144.096 144.096 144.096 
1718654853647836             144.096 144.096 144.096 144.096 144.096 144.096 
1718654853655696             144.096 144.096 144.096 144.096 144.096 144.096 
1718654853711416             144.096 144.096 144.096 144.096 144.096 144.096 
1718654853765936             144.096 144.096 144.096 144.096 144.096 144.096 
1718654853778376             144.096 144.096 144.096 144.096 144.096 144.096 
1718654853800076             144.096 144.096 144.096 144.096 144.096 144.096 
1718654853810106             144.096 144.096 144.096 144.096 144.096 144.096 
1718654853826636             144.096 144.096 144.096 144.096 144.096 144.096 
1718654853863746             144.096 144.096 144.096 144.096 144.096 144.096 
1718654853872166             144.096 144.096 144.096 144.096 144.096 144.096 
1718654853881586             144.096 144.096 144.096 144.096 144.096 144.096 
1718654853884406             144.096 144.096 144.096 144.096 144.096 144.096 
1718654853899606             144.096 144.096 144.096 144.096 144.096 144.096 
1718654853955276             144.096 144.096 144.096 144.096 144.096 144.096 
1718654853963906             144.096 144.096 144.096 144.096 144.096 144.096 
1718654853975046             144.096 144.096 144.096 144.096 144.096 144.096 
1718654853994616             144.096 144.096 144.096 144.096 144.096 144.096 
1718654854011716             144.096 144.096 144.096 144.096 144.096 144.096 
1718654854012766             144.096 144.096 144.096 144.096 144.096 144.096 
1718654854033756             144.096 144.096 144.096 144.096 144.096 144.096 
1718654854050816             144.096 144.096 144.096 144.096 144.096 144.096 
1718654854052416             144.096 144.096 144.096 144.096 144.096 144.096 
1718654854069126             144.096 144.096 144.096 144.096 144.096 144.096 
1718654854086646             144.096 144.096 144.096 144.096 144.096 144.096 
1718654854106946             144.096 144.096 144.096 144.096 144.096 144.096 
1718654854131236             144.096 144.096 144.096 144.096 144.096 144.096 
1718654854131906             144.096 144.096 144.096 144.096 144.096 144.096 
1718654854152446             144.096 144.096 144.096 144.096 144.096 144.096 
1718654854165926             144.096 144.096 144.096 144.096 144.096 144.096 
1718654854177086             144.096 144.096 144.096 144.096 144.096 144.096 
1718654854190976             144.096 144.096 144.096 144.096 144.096 144.096 
1718654854193326             144.096 144.096 144.096 144.096 144.096 144.096 
1718654854206966             144.096 144.096 144.096 144.096 144.096 90 
1718654854219346                  90 90 90 90 90 90 
1718654854229016             144.096 90 90 144.096 144.096 90 
1718654854232896             144.096 144.096 144.096 144.096 144.096 144.096 
1718654854249886             144.096 144.096 144.096 144.096 144.096 144.096 
1718654854253416             144.096 144.096 144.096 144.096 144.096 144.096 
1718654854261266             144.096 144.096 144.096 144.096 144.096 144.096 
1718654854277606             144.096 144.096 144.096 144.096 144.096 144.096 
1718654854280896             144.096 144.096 144.096 144.096 144.096 144.096 
1718654854299276             144.096 144.096 144.096 144.096 144.096 144.096 
1718654854302086             144.096 144.096 144.096 144.096 144.096 144.096 
1718654854319576             144.096 144.096 144.096 144.096 144.096 144.096 
1718654854326486             144.096 144.096 144.096 144.096 144.096 144.096 
1718654854334026             144.096 144.096 144.096 144.096 144.096 144.096 
1718654854349626                  90 90 90 90.8595 144.096 90 
1718654854353486                  90 90 90 90 90 90 
1718654854363276             144.096 144.096 90 144.096 90 90 
1718654854373916             144.096 144.096 144.096 144.096 144.096 144.096 
1718654854385686             144.096 144.096 144.096 144.096 144.096 144.096 
1718654854390256             144.096 144.096 144.096 90 144.096 144.096 
1718654854408246             144.096 144.096 144.096 144.096 144.096 144.096 
1718654854413856             144.096 144.096 144.096 144.096 144.096 144.096 
1718654854426726             144.096 144.096 144.096 144.096 144.096 144.096 
1718654854431496             144.096 144.096 144.096 144.096 144.096 144.096 
1718654854444876             144.096 144.096 144.096 144.096 144.096 144.096 
1718654854454256             144.096 144.096 144.096 144.096 144.096 144.096 
1718654854468116             144.096 144.096 144.096 144.096 144.096 144.096 
1718654854477056             144.096 144.096 144.096 144.096 144.096 144.096 
1718654854481466             144.096 144.096 144.096 144.096 144.096 144.096 
1718654854497496             144.096 144.096 144.096 144.096 144.096 144.096 
1718654854507096             144.096 89.5703 144.096 144.096 89.5703 144.096 
1718654854508696             90.8595 90 90.2865 86.5602 90 90.8595 
1718654854525266             144.096 144.096 144.096 144.096 144.096 144.096 
1718654854531906             144.096 144.096 144.096 144.096 144.096 144.096 
1718654854538456             144.096 144.096 144.096 144.096 144.096 144.096 
1718654854555096             144.096 144.096 144.096 144.096 144.096 144.096 
1718654854567286             144.096 144.096 144.096 144.096 144.096 144.096 
1718654854576086             144.096 144.096 144.096 144.096 144.096 144.096 
1718654854578606             144.096 144.096 144.096 144.096 144.096 144.096 
1718654854591206             144.096 144.096 144.096 144.096 144.096 144.096 
1718654854607006             144.096 144.096 144.096 144.096 144.096 144.096 
1718654854611536             144.096 144.096 144.096 144.096 144.096 144.096 
1718654854625216             144.096 144.096 144.096 144.096 144.096 144.096 
1718654854635566             144.096 144.096 144.096 144.096 144.096 144.096 
1718654854646186             144.096 144.096 144.096 144.096 144.096 144.096 
1718654854648466             144.096 144.096 144.096 144.096 144.096 144.096 
1718654854660906             144.096 144.096 144.096 144.096 144.096 144.096 
1718654854671346             144.096 144.096 144.096 144.096 144.096 144.096 
1718654854679806             144.096 144.096 144.096 144.096 144.096 144.096 
1718654854689486             144.096 144.096 144.096 144.096 144.096 144.096 
1718654854701566             144.096 144.096 144.096 144.096 144.096 144.096 
1718654854712556             144.096 144.096 144.096 144.096 144.096 144.096 
1718654854719326             144.096 144.096 144.096 144.096 144.096 144.096 
1718654854731276             144.096 144.096 144.096 144.096 144.096 144.096 
1718654854745666             144.096 144.096 144.096 144.096 144.096 144.096 
1718654854755826             144.096 144.096 144.096 144.096 144.096 144.096 
1718654854761496             144.096 144.096 144.096 144.096 144.096 144.096 
1718654854774666             144.096 144.096 144.096 144.096 144.096 144.096 
1718654854778466             144.096 144.096 144.096 144.096 144.096 144.096 
1718654854787606             144.096 144.096 144.096 144.096 144.096 144.096 
1718654854805486             144.096 144.096 144.096 144.096 144.096 144.096 
1718654854808516             144.096 144.096 144.096 144.096 144.096 144.096 
1718654854824706             144.096 144.096 144.096 144.096 144.096 144.096 
1718654854832736             144.096 144.096 144.096 144.096 144.096 144.096 
1718654854838316             144.096 144.096 144.096 144.096 144.096 144.096 
1718654854855026             144.096 144.096 144.096 144.096 144.096 144.096 
1718654854857536             144.096 144.096 144.096 144.096 144.096 144.096 
1718654854874316             144.096 144.096 144.096 144.096 144.096 144.096 
1718654854875876             144.096 144.096 144.096 144.096 144.096 144.096 
1718654854892696             144.096 144.096 144.096 144.096 144.096 144.096 
1718654854897646             144.096 144.096 144.096 144.096 144.096 144.096 
1718654854920226             144.096 144.096 144.096 144.096 144.096 144.096 
1718654854933396             144.096 144.096 144.096 144.096 144.096 144.096 
1718654854939336             144.096 144.096 144.096 144.096 144.096 144.096 
1718654854951726             144.096 144.096 144.096 144.096 144.096 144.096 
