Timestamp (microseconds)      Peak Amplitude
1718654911448046                2985
1718654911476416                2738
1718654911494976                2573
1718654911501886                2779
1718654911524036                2738
1718654911568076                2697
1718654911578346                3644
1718654911611166                3315
1718654911634186                2615
1718654911656866                2738
1718654911674856                2697
1718654911701956                3191
1718654911722236                2656
1718654911740516                3562
1718654911769096                3068
1718654911778156                2573
1718654911813786                2615
1718654911844036                2656
1718654911856686                2615
1718654911865216                2738
1718654911881236                2821
1718654911890916                3232
1718654911900836                2532
1718654911923126                2532
1718654911933076                2862
1718654911955776                2944
1718654911979046                2985
1718654912000816                2656
1718654912001416                2615
1718654912019586                2903
1718654912021156                2862
1718654912067646                2697
1718654912088386                2532
1718654912144476                2656
1718654912157396                2738
1718654912199896                2985
1718654912220776                2532
1718654912245546                2821
1718654912266546                2697
1718654912331406                3356
1718654912345216                2944
1718654912365626                3644
1718654912387516                3274
1718654912430176                2532
1718654912454016                2615
1718654912479166                3397
1718654912542726                2821
1718654912561946                2615
1718654912575606                3315
1718654912578016                3150
1718654912589486                2615
1718654912625946                3150
1718654912632556                2532
1718654912643516                2615
1718654912662016               21357
1718654912666116                4427
1718654912685376                6239
1718654912687216                9082
1718654912695946                2985
1718654912710596                2656
1718654912732236                2532
1718654912749596                2738
1718654912757506                2697
1718654912776116                3232
1718654912798606                2985
1718654912830946                2944
1718654912846186                2615
1718654912875736                2944
1718654912896606                3109
1718654912911286                2532
1718654912932036                3356
1718654912964726                2656
1718654912976636                3109
1718654912988506                2615
1718654913052096                2656
1718654913053436                2615
1718654913132656                2697
1718654913152716                2862
1718654913184896                2656
1718654913197526                2656
1718654913239326                2573
1718654913266086                2697
1718654913272236                3068
1718654913309956                2615
1718654913319826                2862
1718654913334966                3191
1718654913355466                2944
1718654913386326                3109
1718654913402846                3027
1718654913519086                3274
1718654913542386                3109
1718654913676866                2985
1718654913708626                2738
1718654913717686                2738
1718654913753736                2656
1718654913807686                3191
1718654913894126                2656
1718654913917176                2656
1718654913939946                2615
1718654914007526                2903
1718654914030946                2862
1718654914047776                2532
1718654914062086                2532
1718654914085826                2532
1718654914106946                2573
1718654914128956                2779
1718654914162736                3150
1718654914182046                2821
1718654914192756                4221
1718654914202886                5539
1718654914205266                8711
1718654914221216                5374
1718654914225626                4963
1718654914242466                4963
1718654914248166                8793
1718654914254586                5498
1718654914266546                5992
1718654914274426                5580
1718654914285556                4098
1718654914298906                8258
1718654914303006                6281
1718654914318646               11388
1718654914331106               11677
1718654914336206               10812
1718654914349676               18185
1718654914353536               14272
1718654914369566                7764
1718654914382006                8423
1718654914385526               10976
1718654914393106                7969
1718654914408106                9782
1718654914411966                5498
1718654914426146                9988
1718654914440686                7805
1718654914449046                6816
1718654914455766                5004
1718654914468296                4963
1718654914474216                7805
1718654914483046                6075
1718654914501056               14807
1718654914502486               17567
1718654914512426                7310
1718654914528726               10276
1718654914535276                9329
1718654914548676                4798
1718654914554696                4592
1718654914567296                5745
1718654914573596                6033
1718654914587486                4963
1718654914590806                5004
1718654914606696                4633
1718654914617796                3686
1718654914628096                3232
1718654914630196                3686
1718654914643166                3438
1718654914651966                2985
1718654914668676                2985
1718654914672596                3150
1718654914686496                2656
1718654914692036                3397
1718654914702046                3438
1718654914716346                3109
1718654914719476                3191
1718654914739086                2738
1718654914742366                3150
1718654914755196                3027
1718654914764356                2985
1718654914775676                3191
1718654914784306                3150
1718654914802096                2903
1718654914813036                2697
1718654914828006                2944
1718654914830056                2615
1718654914851136                2944
1718654914870736                2615
1718654914884986                2738
1718654914893356                3027
1718654914941716                2779
1718654914984366                3644
1718654915005036                2697
1718654915034186                2862
1718654915040816               28153
1718654915052046                4386
1718654915063366                6033
1718654915068126                8505
1718654915106356                2615
1718654915126416                2697
1718654915137696                2615
1718654915148666                3068
1718654915217046                2573
1718654915269826                3068
1718654915276116                2656
1718654915295186                2656
1718654915320626                2615
1718654915338066                3027
1718654915349906                3768
1718654915368896                2862
1718654915374196                2697
1718654915385426                2738
1718654915430866                2738
1718654915434206                3068
1718654915461236                3315
1718654915480036                2573
1718654915492256                2573
1718654915518046                3109
1718654915527226                2573
1718654915549666                2697
1718654915630246                2821
1718654915650766                2532
1718654915671176                2985
1718654915705146                2903
1718654915725406                3150
1718654915748406                2573
1718654915751356                2779
1718654915782066                2532
1718654915794676                2985
1718654915806036                2615
1718654915817806                2697
1718654915826416                2738
1718654915839216                2862
1718654915849936                2779
1718654915857316                2573
1718654915861306                3438
1718654915878466                3686
1718654915883956                3109
1718654915893936                3397
1718654915908896                3315
1718654915911906                2944
1718654915921756                2738
1718654915937176                2738
1718654915942386                3850
1718654915958046                3191
1718654915959586                3809
1718654915972596                3027
1718654915990176                3027
1718654916007026                3809
1718654916015446                3644
1718654916027016                3150
1718654916029326                2779
1718654916045726                2738
1718654916051426                2532
1718654916061366                3232
1718654916073926                3191
1718654916083696                2779
1718654916093346                3809
1718654916116316                2656
1718654916126926                3150
1718654916140126                3027
1718654916151046                2985
1718654916173146                3068
1718654916179796                3068
1718654916197216                2738
1718654916202356                2738
1718654916216906                2532
1718654916224936                3686
1718654916239446                2738
1718654916255676                3191
1718654916257066                3068
1718654916284886                2821
1718654916294526                3356
1718654916314946                2944
1718654916316446                2532
1718654916335306                2779
1718654916339546                2697
1718654916348816                2573
1718654916365296                3521
1718654916368456                3438
1718654916382226                3109
1718654916415056                2656
1718654916418416                2656
1718654916434626                3438
1718654916439586                2903
1718654916453826                2615
1718654916459836                3356
1718654916469896                3521
1718654916482846                3027
1718654916494516                2656
1718654916497426                3521
1718654916506706                3232
1718654916539126                2697
1718654916546996                2532
1718654916571786                2862
1718654916581186                2697
1718654916593656                2779
1718654916602076                4056
1718654916621416                2738
1718654916644616                2779
1718654916679206                2573
1718654916702416                2821
1718654916706136                2656
1718654916714916                3068
1718654916725606                3356
1718654916736506                3068
1718654916747216                2903
1718654916758576                2656
1718654916780566                3356
1718654916791296                2532
1718654916797196                3274
1718654916835126                2944
1718654916847186                2573
1718654916859886                3438
1718654916863816                2862
1718654916879166                3438
1718654916886236                2532
1718654916895336                2532
1718654916901946                2985
1718654916915026                2573
1718654916935196                2779
1718654916959106                2615
1718654916979726                3027
1718654916982146                3644
1718654916997526                2697
1718654917036976                3274
1718654917081626                2779
1718654917092726                2944
1718654917103536                2532
1718654917124866                3438
1718654917136876                2738
1718654917145566                2532
1718654917158266                2903
1718654917161286                2615
1718654917178766                3191
1718654917182696                3397
1718654917224076                2697
1718654917235526                2779
1718654917269706                2656
1718654917281256                2697
1718654917303866                2779
1718654917345746                2944
1718654917361296                2615
1718654917372666                2573
1718654917392796                2944
1718654917401176                2532
1718654917417536               14189
1718654917419776               32767
1718654917433216                5004
1718654917447096                8834
1718654917447366                6775
1718654917481606                3232
1718654917491366                2738
1718654917504816                2985
1718654917558056                2903
1718654917578556                2615
1718654917605726                2656
1718654917636076                2779
1718654917649046                2738
1718654917685116                2738
1718654917686836                2738
1718654917697836                2573
1718654917726526                3027
1718654917770176                2944
1718654917819546                2573
1718654917838036                2903
1718654917868616                3150
1718654917889516                2821
1718654917932816                2903
1718654917945836                2532
1718654917970376                2903
1718654918034956                2862
1718654918067176                3027
1718654918083936                3109
1718654918134006                2697
1718654918145966                2532
1718654918177416                2656
1718654918211136                3150
1718654918216226                2779
1718654918264726                2573
1718654918321116                2821
1718654918334156                2573
1718654918367106                2821
1718654918370776                2573
1718654918413666                2944
1718654918421126                2779
1718654918489746                3150
1718654918511916                2821
1718654918579056                2573
1718654918646366                2532
1718654918745646                2779
1718654918787666                3109
1718654918816386                2573
1718654918885306                2615
1718654918899046                3232
1718654918911746                3397
1718654918922506                2697
1718654918932386                2532
1718654918952646                3068
1718654918974396                2944
1718654918976196                2615
1718654919000006                2697
1718654919010546                2573
1718654919034146                2779
1718654919034686                2779
1718654919077416                2573
1718654919102096                2779
1718654919143756                3150
1718654919167576                2821
1718654919197786                2532
1718654919244366                2656
1718654919300106                2656
1718654919311606                2573
1718654919332336                2862
1718654919389166                2532
1718654919401106                2615
1718654919421716                2738
1718654919479616                2738
1718654919532136                2738
1718654919544006                2656
1718654919567126                3027
1718654919634766                2738
1718654919654936                2573
1718654919698586                3315
1718654919742886                2985
1718654919798326               26011
1718654919798566               25764
1718654919809756                4303
1718654919825996                8876
1718654919830086                4551
1718654919844096                2738
1718654919853626                2532
1718654919859356                2615
1718654919877726                2573
1718654919899466                2779
1718654919956356                2903
1718654920002946                2944
1718654920086366                2944
1718654920120136                2532
1718654920135746                2779
1718654920181756                2738
1718654920200566                2573
1718654920259196                4262
1718654920274126                7187
1718654920274966                7475
1718654920292946                7352
1718654920296196                6569
1718654920313506                6239
1718654920315196                7846
1718654920327876                5210
1718654920342416                9988
1718654920344506               10688
1718654920355566                6239
1718654920366076                6281
1718654920373816                5539
1718654920390456               16496
1718654920394176               16084
1718654920412836                7887
1718654920419036               14066
1718654920423806                8958
1718654920436296               11059
1718654920452346               12912
1718654920454226               13448
1718654920471896                7393
1718654920475536                7681
1718654920491326                7352
1718654920494776                9823
1718654920503386                8134
1718654920518496                6610
1718654920524446                6899
1718654920540346                5374
1718654920551576                8464
1718654920553986                6981
1718654920569226               14354
1718654920574106               15837
1718654920583676                5580
1718654920592356                6363
1718654920603636                7681
1718654920612906                5951
1718654920626836                4880
1718654920639056                5333
1718654920651456                6569
1718654920651536                6445
1718654920667936                5127
1718654920674666                4180
1718654920686626                4880
1718654920691176                3480
1718654920703946                3603
1718654920721426                3232
1718654920740626                3109
1718654920750536                3191
1718654920754996                3356
1718654920779626                3068
1718654920791636                2532
1718654920809396                2532
1718654920811066                4098
1718654920827536                2944
1718654920832876                2738
1718654920847096                2821
1718654920855506                3274
1718654920862146                2573
1718654920869936                3356
1718654920900596                3068
1718654920916146                2697
1718654920921686                3109
1718654920934356                2697
1718654920956696                3438
1718654920959386                3274
1718654920987366                2821
1718654920993276                2862
1718654921000266                3315
1718654921017276                2656
1718654921046506                2738
1718654921056026                2779
1718654921066366                2779
1718654921082216                3150
1718654921089846                2532
1718654921113066                2985
1718654921124936                2573
1718654921127966                2738
1718654921154436                2862
1718654921157516                2697
1718654921169786                2532
1718654921200706                3356
1718654921217566                3191
1718654921233306                2532
1718654921269566                2656
1718654921291316                3109
1718654921302636                2615
1718654921311436                3356
1718654921334156                3191
1718654921353746                2697
1718654921367956                2944
1718654921378596                2944
1718654921392926                2738
1718654921399516                2821
1718654921410646                2573
1718654921447796                2985
1718654921455076                2615
1718654921476166                2738
1718654921501636                2779
1718654921523786                2738
1718654921567826                2697
1718654921578096                3644
1718654921610916                3315
1718654921633936                2615
1718654921656616                2738
1718654921674606                2697
1718654921701706                3191
1718654921721986                2656
1718654921740266                3562
1718654921768846                3068
1718654921777906                2573
1718654921813536                2615
1718654921843786                2656
1718654921856436                2615
1718654921864966                2738
1718654921880986                2821
1718654921890666                3232
1718654921900586                2532
1718654921922876                2532
1718654921932826                2862
1718654921955526                2944
1718654921978796                2985
1718654922000566                2656
1718654922001166                2615
1718654922019336                2903
1718654922020906                2862
1718654922067396                2697
1718654922088136                2532
1718654922144226                2656
1718654922157146                2738
1718654922199646                2985
1718654922220526                2532
1718654922245296                2821
1718654922266296                2697
1718654922331156                3356
1718654922344966                2944
1718654922365376                3644
1718654922387266                3274
1718654922429926                2532
1718654922453766                2615
1718654922478916                3397
1718654922542476                2821
1718654922561696                2615
1718654922575356                3315
1718654922577766                3150
1718654922589236                2615
1718654922625696                3150
1718654922643266                2615
1718654922661766               21357
1718654922665616                5168
1718654922684876                6116
1718654922686966                9082
1718654922695696                2985
1718654922710346                2656
1718654922731986                2532
1718654922749346                2738
1718654922757256                2697
1718654922775866                3232
1718654922798356                2985
1718654922830696                2944
1718654922845936                2615
1718654922875486                2944
1718654922896356                3109
1718654922911036                2532
1718654922931786                3356
1718654922964476                2656
1718654922976386                3109
1718654922988256                2615
1718654923051846                2656
1718654923053186                2615
1718654923132406                2697
1718654923152466                2862
1718654923184646                2656
1718654923197276                2656
1718654923239076                2573
1718654923265836                2697
1718654923271986                3068
1718654923309706                2615
1718654923319576                2862
1718654923334716                3191
1718654923355216                2944
1718654923386076                3109
1718654923402596                3027
1718654923518836                3274
1718654923542136                3109
1718654923676616                2985
1718654923708376                2738
1718654923717436                2738
1718654923753486                2656
1718654923807436                3191
1718654923893876                2656
1718654923916926                2656
1718654923939696                2615
1718654924007276                2903
1718654924030696                2862
1718654924047526                2532
1718654924061836                2532
1718654924085576                2532
1718654924106696                2573
1718654924128706                2779
1718654924162486                3150
1718654924181796                2821
1718654924192506                4221
1718654924202636                5539
1718654924205016                8711
1718654924220966                5374
1718654924225376                4963
1718654924242216                4963
1718654924247916                8793
1718654924252566                6239
1718654924266296                5992
1718654924274176                5580
1718654924285306                4098
1718654924298656                8258
1718654924302756                6281
1718654924318396               11388
1718654924330856               11677
1718654924335956               10812
1718654924349426               18185
1718654924351666               16208
1718654924369316                7764
1718654924381306                7681
1718654924385276               10976
1718654924392856                7969
1718654924407856                9782
1718654924411716                5498
1718654924425896                9988
1718654924440436                7805
1718654924448796                6816
1718654924455516                5004
1718654924468046                4963
1718654924473966                7805
1718654924482796                6075
1718654924499466               12789
1718654924502236               17567
1718654924512176                7310
1718654924528476               10276
1718654924535026                9329
1718654924548426                4798
1718654924554446                4592
1718654924567046                5745
1718654924573346                6033
1718654924587236                4963
1718654924590556                5004
1718654924606446                4633
1718654924617546                3686
1718654924627846                3232
1718654924629946                3686
1718654924642916                3438
1718654924651716                2985
1718654924668426                2985
1718654924672346                3150
1718654924686246                2656
1718654924691786                3397
1718654924701796                3438
1718654924716096                3109
1718654924719226                3191
1718654924729576                2697
1718654924742116                3150
1718654924754946                3027
1718654924758586                3027
1718654924775426                3191
1718654924784056                3150
1718654924801846                2903
1718654924812786                2697
1718654924827756                2944
1718654924829806                2615
1718654924850886                2944
1718654924870486                2615
1718654924884736                2738
1718654924893106                3027
1718654924941466                2779
1718654924984116                3644
1718654925004786                2697
1718654925033936                2862
1718654925040566               28153
1718654925051796                4386
1718654925063116                6033
1718654925067876                8505
1718654925106106                2615
1718654925126166                2697
1718654925137446                2615
1718654925148416                3068
1718654925216796                2573
1718654925269576                3068
1718654925275866                2656
1718654925294936                2656
1718654925320376                2615
1718654925337816                3027
1718654925349656                3768
1718654925368646                2862
1718654925373946                2697
1718654925385176                2738
1718654925430616                2738
1718654925433956                3068
1718654925460986                3315
1718654925479786                2573
1718654925492006                2573
1718654925517796                3109
1718654925526976                2573
1718654925549416                2697
1718654925629996                2821
1718654925650516                2532
1718654925670926                2985
1718654925704896                2903
1718654925725156                3150
1718654925748156                2573
1718654925751106                2779
1718654925781816                2532
1718654925794426                2985
1718654925805786                2615
1718654925817556                2697
1718654925826166                2738
