Timestamp (microseconds)      Peak Amplitude
1718654911448046             77.8776 77.8776 77.8776 77.8776 77.8776 77.8776 
1718654911476416             77.8776 77.8776 77.8776 77.8776 77.8776 77.8776 
1718654911494976             77.8776 77.8776 77.8776 77.8776 77.8776 77.8776 
1718654911501886             77.8776 77.8776 77.8776 77.8776 77.8776 77.8776 
1718654911524036             77.8776 77.8776 77.8776 77.8776 77.8776 77.8776 
1718654911568076             77.8776 77.8776 77.8776 77.8776 77.8776 77.8776 
1718654911578346             77.8776 77.8776 77.8776 77.8776 77.8776 77.8776 
1718654911611166             77.8776 77.8776 77.8776 77.8776 77.8776 77.8776 
1718654911634186             77.8776 77.8776 77.8776 77.8776 77.8776 77.8776 
1718654911656866             77.8776 77.8776 77.8776 77.8776 77.8776 77.8776 
1718654911674856             77.8776 77.8776 77.8776 77.8776 77.8776 77.8776 
1718654911701956             77.8776 77.8776 77.8776 77.8776 77.8776 77.8776 
1718654911722236             77.8776 77.8776 77.8776 77.8776 77.8776 77.8776 
1718654911740516             77.8776 77.8776 77.8776 77.8776 77.8776 77.8776 
1718654911769096             77.8776 77.8776 77.8776 77.8776 77.8776 77.8776 
1718654911778156             77.8776 77.8776 77.8776 77.8776 77.8776 77.8776 
1718654911813786             77.8776 77.8776 77.8776 77.8776 77.8776 77.8776 
1718654911844036             77.8776 77.8776 77.8776 77.8776 77.8776 77.8776 
1718654911856686             77.8776 77.8776 77.8776 77.8776 77.8776 77.8776 
1718654911865216             77.8776 77.8776 77.8776 77.8776 77.8776 77.8776 
1718654911881236             77.8776 77.8776 77.8776 77.8776 77.8776 77.8776 
1718654911890916             77.8776 77.8776 77.8776 77.8776 77.8776 77.8776 
1718654911900836             77.8776 77.8776 77.8776 77.8776 77.8776 77.8776 
1718654911923126             77.8776 77.8776 77.8776 77.8776 77.8776 77.8776 
1718654911933076             77.8776 77.8776 77.8776 77.8776 77.8776 77.8776 
1718654911955776             77.8776 77.8776 77.8776 77.8776 77.8776 77.8776 
1718654911979046             77.8776 77.8776 77.8776 77.8776 77.8776 77.8776 
1718654912000816             77.8776 77.8776 77.8776 77.8776 77.8776 77.8776 
1718654912001416             77.8776 77.8776 77.8776 77.8776 77.8776 77.8776 
1718654912019586             77.8776 77.8776 77.8776 77.8776 77.8776 77.8776 
1718654912021156             77.8776 77.8776 77.8776 77.8776 77.8776 77.8776 
1718654912067646             77.8776 77.8776 77.8776 77.8776 77.8776 77.8776 
1718654912088386             77.8776 77.8776 77.8776 77.8776 77.8776 77.8776 
1718654912144476             77.8776 77.8776 77.8776 77.8776 77.8776 77.8776 
1718654912157396             77.8776 77.8776 77.8776 77.8776 77.8776 77.8776 
1718654912199896             77.8776 77.8776 77.8776 77.8776 77.8776 77.8776 
1718654912220776             77.8776 77.8776 77.8776 77.8776 77.8776 77.8776 
1718654912245546             77.8776 77.8776 77.8776 77.8776 77.8776 77.8776 
1718654912266546             77.8776 77.8776 77.8776 77.8776 77.8776 77.8776 
1718654912331406             77.8776 77.8776 77.8776 77.8776 77.8776 77.8776 
1718654912345216             77.8776 77.8776 77.8776 77.8776 77.8776 77.8776 
1718654912365626             77.8776 77.8776 77.8776 77.8776 77.8776 77.8776 
1718654912387516             77.8776 77.8776 77.8776 77.8776 77.8776 77.8776 
1718654912430176             77.8776 77.8776 77.8776 77.8776 77.8776 77.8776 
1718654912454016             77.8776 77.8776 77.8776 77.8776 77.8776 77.8776 
1718654912479166             77.8776 77.8776 77.8776 77.8776 77.8776 77.8776 
1718654912542726             77.8776 77.8776 77.8776 77.8776 77.8776 77.8776 
1718654912561946             77.8776 77.8776 77.8776 77.8776 77.8776 77.8776 
1718654912575606             77.8776 77.8776 77.8776 77.8776 77.8776 77.8776 
1718654912578016             77.8776 77.8776 77.8776 77.8776 77.8776 77.8776 
1718654912589486             77.8776 77.8776 77.8776 77.8776 77.8776 77.8776 
1718654912625946             77.8776 77.8776 77.8776 77.8776 77.8776 77.8776 
1718654912632556             77.8776 77.8776 77.8776 77.8776 77.8776 77.8776 
1718654912643516             77.8776 77.8776 77.8776 77.8776 77.8776 77.8776 
1718654912662016             77.8776 77.8776 77.8776 77.8776 77.8776 77.8776 
1718654912666116             77.8776 77.8776 77.8776 77.8776 77.8776 77.8776 
1718654912685376             77.8776 77.8776 77.8776 77.8776 77.8776 77.8776 
1718654912687216             77.8776 77.8776 77.8776 77.8776 77.8776 77.8776 
1718654912695946             77.8776 77.8776 77.8776 77.8776 77.8776 77.8776 
1718654912710596             77.8776 77.8776 77.8776 77.8776 77.8776 77.8776 
1718654912732236             77.8776 77.8776 77.8776 77.8776 77.8776 77.8776 
1718654912749596             77.8776 77.8776 77.8776 77.8776 77.8776 77.8776 
1718654912757506             77.8776 77.8776 77.8776 77.8776 77.8776 77.8776 
1718654912776116             77.8776 77.8776 77.8776 77.8776 77.8776 77.8776 
1718654912798606             77.8776 77.8776 77.8776 77.8776 77.8776 77.8776 
1718654912830946             77.8776 77.8776 77.8776 77.8776 77.8776 77.8776 
1718654912846186             77.8776 77.8776 77.8776 77.8776 77.8776 77.8776 
1718654912875736             77.8776 77.8776 77.8776 77.8776 77.8776 77.8776 
1718654912896606             77.8776 77.8776 77.8776 77.8776 77.8776 77.8776 
1718654912911286             77.8776 77.8776 77.8776 77.8776 77.8776 77.8776 
1718654912932036             77.8776 77.8776 77.8776 77.8776 77.8776 77.8776 
1718654912964726             77.8776 77.8776 77.8776 77.8776 77.8776 77.8776 
1718654912976636             77.8776 77.8776 77.8776 77.8776 77.8776 77.8776 
1718654912988506             77.8776 77.8776 77.8776 77.8776 77.8776 77.8776 
1718654913052096             77.8776 77.8776 77.8776 77.8776 77.8776 77.8776 
1718654913053436             77.8776 77.8776 77.8776 77.8776 77.8776 77.8776 
1718654913132656             77.8776 77.8776 77.8776 77.8776 77.8776 77.8776 
1718654913152716             77.8776 77.8776 77.8776 77.8776 77.8776 77.8776 
1718654913184896             77.8776 77.8776 77.8776 77.8776 77.8776 77.8776 
1718654913197526             77.8776 77.8776 77.8776 77.8776 77.8776 77.8776 
1718654913239326             77.8776 77.8776 77.8776 77.8776 77.8776 77.8776 
1718654913266086             77.8776 77.8776 77.8776 77.8776 77.8776 77.8776 
1718654913272236             77.8776 77.8776 77.8776 77.8776 77.8776 77.8776 
1718654913309956             77.8776 77.8776 77.8776 77.8776 77.8776 77.8776 
1718654913319826             77.8776 77.8776 77.8776 77.8776 77.8776 77.8776 
1718654913334966             77.8776 77.8776 77.8776 77.8776 77.8776 77.8776 
1718654913355466             77.8776 77.8776 77.8776 77.8776 77.8776 77.8776 
1718654913386326             77.8776 77.8776 77.8776 77.8776 77.8776 77.8776 
1718654913402846             77.8776 77.8776 77.8776 77.8776 77.8776 77.8776 
1718654913519086             77.8776 77.8776 77.8776 77.8776 77.8776 77.8776 
1718654913542386             77.8776 77.8776 77.8776 77.8776 77.8776 77.8776 
1718654913676866             77.8776 77.8776 77.8776 77.8776 77.8776 77.8776 
1718654913708626             77.8776 77.8776 77.8776 77.8776 77.8776 77.8776 
1718654913717686             77.8776 77.8776 77.8776 77.8776 77.8776 77.8776 
1718654913753736             77.8776 77.8776 77.8776 77.8776 77.8776 77.8776 
1718654913807686             77.8776 77.8776 77.8776 77.8776 77.8776 77.8776 
1718654913894126             77.8776 77.8776 77.8776 77.8776 77.8776 77.8776 
1718654913917176             77.8776 77.8776 77.8776 77.8776 77.8776 77.8776 
1718654913939946             77.8776 77.8776 77.8776 77.8776 77.8776 77.8776 
1718654914007526             77.8776 77.8776 77.8776 77.8776 77.8776 77.8776 
1718654914030946             77.8776 77.8776 77.8776 77.8776 77.8776 77.8776 
1718654914047776             77.8776 77.8776 77.8776 77.8776 77.8776 77.8776 
1718654914062086             77.8776 77.8776 77.8776 77.8776 77.8776 77.8776 
1718654914085826             77.8776 77.8776 77.8776 77.8776 77.8776 77.8776 
1718654914106946             77.8776 77.8776 77.8776 77.8776 77.8776 77.8776 
1718654914128956             77.8776 77.8776 77.8776 77.8776 77.8776 77.8776 
1718654914162736             77.8776 77.8776 77.8776 77.8776 77.8776 77.8776 
1718654914182046             77.8776 77.8776 77.8776 77.8776 77.8776 77.8776 
1718654914192756             77.8776 77.8776 77.8776 77.8776 77.8776 77.8776 
1718654914202886             77.8776 77.8776 77.8776 77.8776 77.8776 77.8776 
1718654914205266             77.8776 77.8776 77.8776 77.8776 77.8776 77.8776 
1718654914221216             77.8776 77.8776 77.8776 77.8776 77.8776 77.8776 
1718654914225626             77.8776 77.8776 77.8776 77.8776 77.8776 77.8776 
1718654914242466             77.8776 77.8776 77.8776 77.8776 77.8776 77.8776 
1718654914248166             77.8776 77.8776 77.8776 77.8776 77.8776 77.8776 
1718654914254586             77.8776 77.8776 77.8776 77.8776 77.8776 77.8776 
1718654914266546             77.8776 77.8776 77.8776 77.8776 77.8776 77.8776 
1718654914274426             77.8776 77.8776 77.8776 77.8776 77.8776 77.8776 
1718654914285556             77.8776 77.8776 77.8776 77.8776 77.8776 77.8776 
1718654914298906             77.8776 77.8776 77.8776 77.8776 77.8776 77.8776 
1718654914303006             77.8776 77.8776 77.8776 77.8776 77.8776 77.8776 
1718654914318646             77.8776 77.8776 77.8776 77.8776 77.8776 77.8776 
1718654914331106             77.8776 77.8776 77.8776 90.8595 77.8776 77.8776 
1718654914336206             91.7191 77.8776 77.8776 77.8776 77.8776 77.8776 
1718654914349676             77.8776 90 90.573 77.8776 90 77.8776 
1718654914353536             77.8776 90 90.2865 77.8776 77.8776 77.8776 
1718654914369566             77.8776 77.8776 77.8776 77.8776 77.8776 77.8776 
1718654914382006             77.8776 77.8776 77.8776 77.8776 77.8776 77.8776 
1718654914385526             77.8776 77.8776 77.8776 77.8776 77.8776 77.8776 
1718654914393106             77.8776 77.8776 77.8776 77.8776 77.8776 77.8776 
1718654914408106             77.8776 77.8776 77.8776 77.8776 77.8776 77.8776 
1718654914411966             77.8776 77.8776 77.8776 77.8776 77.8776 77.8776 
1718654914426146             77.8776 77.8776 77.8776 77.8776 77.8776 90 
1718654914440686             77.8776 77.8776 77.8776 77.8776 77.8776 77.8776 
1718654914449046             77.8776 77.8776 77.8776 77.8776 77.8776 77.8776 
1718654914455766             77.8776 77.8776 77.8776 77.8776 77.8776 77.8776 
1718654914468296             77.8776 77.8776 77.8776 77.8776 77.8776 77.8776 
1718654914474216             77.8776 77.8776 77.8776 77.8776 77.8776 77.8776 
1718654914483046             77.8776 77.8776 77.8776 77.8776 77.8776 77.8776 
1718654914501056             90.8595 77.8776 90 77.8776 89.5703 91.7191 
1718654914502486             90.8595 77.8776 77.8776 90.8595 77.8776 77.8776 
1718654914512426             77.8776 77.8776 77.8776 77.8776 77.8776 77.8776 
1718654914528726             77.8776 77.8776 77.8776 77.8776 77.8776 77.8776 
1718654914535276             77.8776 77.8776 77.8776 77.8776 77.8776 77.8776 
1718654914548676             77.8776 77.8776 77.8776 77.8776 77.8776 77.8776 
1718654914554696             77.8776 77.8776 77.8776 77.8776 77.8776 77.8776 
1718654914567296             77.8776 77.8776 77.8776 77.8776 77.8776 77.8776 
1718654914573596             77.8776 77.8776 77.8776 77.8776 77.8776 77.8776 
1718654914587486             77.8776 77.8776 77.8776 77.8776 77.8776 77.8776 
1718654914590806             77.8776 77.8776 77.8776 77.8776 77.8776 77.8776 
1718654914606696             77.8776 77.8776 77.8776 77.8776 77.8776 77.8776 
1718654914617796             77.8776 77.8776 77.8776 77.8776 77.8776 77.8776 
1718654914628096             77.8776 77.8776 77.8776 77.8776 77.8776 77.8776 
1718654914630196             77.8776 77.8776 77.8776 77.8776 77.8776 77.8776 
1718654914643166             77.8776 77.8776 77.8776 77.8776 77.8776 77.8776 
1718654914651966             77.8776 77.8776 77.8776 77.8776 77.8776 77.8776 
1718654914668676             77.8776 77.8776 77.8776 77.8776 77.8776 77.8776 
1718654914672596             77.8776 77.8776 77.8776 77.8776 77.8776 77.8776 
1718654914686496             77.8776 77.8776 77.8776 77.8776 77.8776 77.8776 
1718654914692036             77.8776 77.8776 77.8776 77.8776 77.8776 77.8776 
1718654914702046             77.8776 77.8776 77.8776 77.8776 77.8776 77.8776 
1718654914716346             77.8776 77.8776 77.8776 77.8776 77.8776 77.8776 
1718654914719476             77.8776 77.8776 77.8776 77.8776 77.8776 77.8776 
1718654914739086             77.8776 77.8776 77.8776 77.8776 77.8776 77.8776 
1718654914742366             77.8776 77.8776 77.8776 77.8776 77.8776 77.8776 
1718654914755196             77.8776 77.8776 77.8776 77.8776 77.8776 77.8776 
1718654914764356             77.8776 77.8776 77.8776 77.8776 77.8776 77.8776 
1718654914775676             77.8776 77.8776 77.8776 77.8776 77.8776 77.8776 
1718654914784306             77.8776 77.8776 77.8776 77.8776 77.8776 77.8776 
1718654914802096             77.8776 77.8776 77.8776 77.8776 77.8776 77.8776 
1718654914813036             77.8776 77.8776 77.8776 77.8776 77.8776 77.8776 
1718654914828006             77.8776 77.8776 77.8776 77.8776 77.8776 77.8776 
1718654914830056             77.8776 77.8776 77.8776 77.8776 77.8776 77.8776 
1718654914851136             77.8776 77.8776 77.8776 77.8776 77.8776 77.8776 
1718654914870736             77.8776 77.8776 77.8776 77.8776 77.8776 77.8776 
1718654914884986             77.8776 77.8776 77.8776 77.8776 77.8776 77.8776 
1718654914893356             77.8776 77.8776 77.8776 77.8776 77.8776 77.8776 
1718654914941716             77.8776 77.8776 77.8776 77.8776 77.8776 77.8776 
1718654914984366             77.8776 77.8776 77.8776 77.8776 77.8776 77.8776 
1718654915005036             77.8776 77.8776 77.8776 77.8776 77.8776 77.8776 
1718654915034186             77.8776 77.8776 77.8776 77.8776 77.8776 77.8776 
1718654915040816             77.8776 77.8776 77.8776 77.8776 77.8776 77.8776 
1718654915052046             77.8776 77.8776 77.8776 77.8776 77.8776 77.8776 
1718654915063366             77.8776 77.8776 77.8776 77.8776 77.8776 77.8776 
1718654915068126             77.8776 77.8776 77.8776 77.8776 77.8776 77.8776 
1718654915106356             77.8776 77.8776 77.8776 77.8776 77.8776 77.8776 
1718654915126416             77.8776 77.8776 77.8776 77.8776 77.8776 77.8776 
1718654915137696             77.8776 77.8776 77.8776 77.8776 77.8776 77.8776 
1718654915148666             77.8776 77.8776 77.8776 77.8776 77.8776 77.8776 
1718654915217046             77.8776 77.8776 77.8776 77.8776 77.8776 77.8776 
1718654915269826             77.8776 77.8776 77.8776 77.8776 77.8776 77.8776 
1718654915276116             77.8776 77.8776 77.8776 77.8776 77.8776 77.8776 
1718654915295186             77.8776 77.8776 77.8776 77.8776 77.8776 77.8776 
1718654915320626             77.8776 77.8776 77.8776 77.8776 77.8776 77.8776 
1718654915338066             77.8776 77.8776 77.8776 77.8776 77.8776 77.8776 
1718654915349906             77.8776 77.8776 77.8776 77.8776 77.8776 77.8776 
1718654915368896             77.8776 77.8776 77.8776 77.8776 77.8776 77.8776 
1718654915374196             77.8776 77.8776 77.8776 77.8776 77.8776 77.8776 
1718654915385426             77.8776 77.8776 77.8776 77.8776 77.8776 77.8776 
1718654915430866             77.8776 77.8776 77.8776 77.8776 77.8776 77.8776 
1718654915434206             77.8776 77.8776 77.8776 77.8776 77.8776 77.8776 
1718654915461236             77.8776 77.8776 77.8776 77.8776 77.8776 77.8776 
1718654915480036             77.8776 77.8776 77.8776 77.8776 77.8776 77.8776 
1718654915492256             77.8776 77.8776 77.8776 77.8776 77.8776 77.8776 
1718654915518046             77.8776 77.8776 77.8776 77.8776 77.8776 77.8776 
1718654915527226             77.8776 77.8776 77.8776 77.8776 77.8776 77.8776 
1718654915549666             77.8776 77.8776 77.8776 77.8776 77.8776 77.8776 
1718654915630246             77.8776 77.8776 77.8776 77.8776 77.8776 77.8776 
1718654915650766             77.8776 77.8776 77.8776 77.8776 77.8776 77.8776 
1718654915671176             77.8776 77.8776 77.8776 77.8776 77.8776 77.8776 
1718654915705146             77.8776 77.8776 77.8776 77.8776 77.8776 77.8776 
1718654915725406             77.8776 77.8776 77.8776 77.8776 77.8776 77.8776 
1718654915748406             77.8776 77.8776 77.8776 77.8776 77.8776 77.8776 
1718654915751356             77.8776 77.8776 77.8776 77.8776 77.8776 77.8776 
1718654915782066             77.8776 77.8776 77.8776 77.8776 77.8776 77.8776 
1718654915794676             77.8776 77.8776 77.8776 77.8776 77.8776 77.8776 
1718654915806036             77.8776 77.8776 77.8776 77.8776 77.8776 77.8776 
1718654915817806             77.8776 77.8776 77.8776 77.8776 77.8776 77.8776 
1718654915826416             77.8776 77.8776 77.8776 77.8776 77.8776 77.8776 
1718654915839216             77.8776 77.8776 77.8776 77.8776 77.8776 77.8776 
1718654915849936             77.8776 77.8776 77.8776 77.8776 77.8776 77.8776 
1718654915857316             77.8776 77.8776 77.8776 77.8776 77.8776 77.8776 
1718654915861306             77.8776 77.8776 77.8776 77.8776 77.8776 77.8776 
1718654915878466             77.8776 77.8776 77.8776 77.8776 77.8776 77.8776 
1718654915883956             77.8776 77.8776 77.8776 77.8776 77.8776 77.8776 
1718654915893936             77.8776 77.8776 77.8776 77.8776 77.8776 77.8776 
1718654915908896             77.8776 77.8776 77.8776 77.8776 77.8776 77.8776 
1718654915911906             77.8776 77.8776 77.8776 77.8776 77.8776 77.8776 
1718654915921756             77.8776 77.8776 77.8776 77.8776 77.8776 77.8776 
1718654915937176             77.8776 77.8776 77.8776 77.8776 77.8776 77.8776 
1718654915942386             77.8776 77.8776 77.8776 77.8776 77.8776 77.8776 
1718654915958046             77.8776 77.8776 77.8776 77.8776 77.8776 77.8776 
1718654915959586             77.8776 77.8776 77.8776 77.8776 77.8776 77.8776 
1718654915972596             77.8776 77.8776 77.8776 77.8776 77.8776 77.8776 
1718654915990176             77.8776 77.8776 77.8776 77.8776 77.8776 77.8776 
1718654916007026             77.8776 77.8776 77.8776 77.8776 77.8776 77.8776 
1718654916015446             77.8776 77.8776 77.8776 77.8776 77.8776 77.8776 
1718654916027016             77.8776 77.8776 77.8776 77.8776 77.8776 77.8776 
1718654916029326             77.8776 77.8776 77.8776 77.8776 77.8776 77.8776 
1718654916045726             77.8776 77.8776 77.8776 77.8776 77.8776 77.8776 
1718654916051426             77.8776 77.8776 77.8776 77.8776 77.8776 77.8776 
1718654916061366             77.8776 77.8776 77.8776 77.8776 77.8776 77.8776 
1718654916073926             77.8776 77.8776 77.8776 77.8776 77.8776 77.8776 
1718654916083696             77.8776 77.8776 77.8776 77.8776 77.8776 77.8776 
1718654916093346             77.8776 77.8776 77.8776 77.8776 77.8776 77.8776 
1718654916116316             77.8776 77.8776 77.8776 77.8776 77.8776 77.8776 
1718654916126926             77.8776 77.8776 77.8776 77.8776 77.8776 77.8776 
1718654916140126             77.8776 77.8776 77.8776 77.8776 77.8776 77.8776 
1718654916151046             77.8776 77.8776 77.8776 77.8776 77.8776 77.8776 
1718654916173146             77.8776 77.8776 77.8776 77.8776 77.8776 77.8776 
1718654916179796             77.8776 77.8776 77.8776 77.8776 77.8776 77.8776 
1718654916197216             77.8776 77.8776 77.8776 77.8776 77.8776 77.8776 
1718654916202356             77.8776 77.8776 77.8776 77.8776 77.8776 77.8776 
1718654916216906             77.8776 77.8776 77.8776 77.8776 77.8776 77.8776 
1718654916224936             77.8776 77.8776 77.8776 77.8776 77.8776 77.8776 
1718654916239446             77.8776 77.8776 77.8776 77.8776 77.8776 77.8776 
1718654916255676             77.8776 77.8776 77.8776 77.8776 77.8776 77.8776 
1718654916257066             77.8776 77.8776 77.8776 77.8776 77.8776 77.8776 
1718654916284886             77.8776 77.8776 77.8776 77.8776 77.8776 77.8776 
1718654916294526             77.8776 77.8776 77.8776 77.8776 77.8776 77.8776 
1718654916314946             77.8776 77.8776 77.8776 77.8776 77.8776 77.8776 
1718654916316446             77.8776 77.8776 77.8776 77.8776 77.8776 77.8776 
1718654916335306             77.8776 77.8776 77.8776 77.8776 77.8776 77.8776 
1718654916339546             77.8776 77.8776 77.8776 77.8776 77.8776 77.8776 
1718654916348816             77.8776 77.8776 77.8776 77.8776 77.8776 77.8776 
1718654916365296             77.8776 77.8776 77.8776 77.8776 77.8776 77.8776 
1718654916368456             77.8776 77.8776 77.8776 77.8776 77.8776 77.8776 
1718654916382226             77.8776 77.8776 77.8776 77.8776 77.8776 77.8776 
1718654916415056             77.8776 77.8776 77.8776 77.8776 77.8776 77.8776 
1718654916418416             77.8776 77.8776 77.8776 77.8776 77.8776 77.8776 
1718654916434626             77.8776 77.8776 77.8776 77.8776 77.8776 77.8776 
1718654916439586             77.8776 77.8776 77.8776 77.8776 77.8776 77.8776 
1718654916453826             77.8776 77.8776 77.8776 77.8776 77.8776 77.8776 
1718654916459836             77.8776 77.8776 77.8776 77.8776 77.8776 77.8776 
1718654916469896             77.8776 77.8776 77.8776 77.8776 77.8776 77.8776 
1718654916482846             77.8776 77.8776 77.8776 77.8776 77.8776 77.8776 
1718654916494516             77.8776 77.8776 77.8776 77.8776 77.8776 77.8776 
1718654916497426             77.8776 77.8776 77.8776 77.8776 77.8776 77.8776 
1718654916506706             77.8776 77.8776 77.8776 77.8776 77.8776 77.8776 
1718654916539126             77.8776 77.8776 77.8776 77.8776 77.8776 77.8776 
1718654916546996             77.8776 77.8776 77.8776 77.8776 77.8776 77.8776 
1718654916571786             77.8776 77.8776 77.8776 77.8776 77.8776 77.8776 
1718654916581186             77.8776 77.8776 77.8776 77.8776 77.8776 77.8776 
1718654916593656             77.8776 77.8776 77.8776 77.8776 77.8776 77.8776 
1718654916602076             77.8776 77.8776 77.8776 77.8776 77.8776 77.8776 
1718654916621416             77.8776 77.8776 77.8776 77.8776 77.8776 77.8776 
1718654916644616             77.8776 77.8776 77.8776 77.8776 77.8776 77.8776 
1718654916679206             77.8776 77.8776 77.8776 77.8776 77.8776 77.8776 
1718654916702416             77.8776 77.8776 77.8776 77.8776 77.8776 77.8776 
1718654916706136             77.8776 77.8776 77.8776 77.8776 77.8776 77.8776 
1718654916714916             77.8776 77.8776 77.8776 77.8776 77.8776 77.8776 
1718654916725606             77.8776 77.8776 77.8776 77.8776 77.8776 77.8776 
1718654916736506             77.8776 77.8776 77.8776 77.8776 77.8776 77.8776 
1718654916747216             77.8776 77.8776 77.8776 77.8776 77.8776 77.8776 
1718654916758576             77.8776 77.8776 77.8776 77.8776 77.8776 77.8776 
1718654916780566             77.8776 77.8776 77.8776 77.8776 77.8776 77.8776 
1718654916791296             77.8776 77.8776 77.8776 77.8776 77.8776 77.8776 
1718654916797196             77.8776 77.8776 77.8776 77.8776 77.8776 77.8776 
1718654916835126             77.8776 77.8776 77.8776 77.8776 77.8776 77.8776 
1718654916847186             77.8776 77.8776 77.8776 77.8776 77.8776 77.8776 
1718654916859886             77.8776 77.8776 77.8776 77.8776 77.8776 77.8776 
1718654916863816             77.8776 77.8776 77.8776 77.8776 77.8776 77.8776 
1718654916879166             77.8776 77.8776 77.8776 77.8776 77.8776 77.8776 
1718654916886236             77.8776 77.8776 77.8776 77.8776 77.8776 77.8776 
1718654916895336             77.8776 77.8776 77.8776 77.8776 77.8776 77.8776 
1718654916901946             77.8776 77.8776 77.8776 77.8776 77.8776 77.8776 
1718654916915026             77.8776 77.8776 77.8776 77.8776 77.8776 77.8776 
1718654916935196             77.8776 77.8776 77.8776 77.8776 77.8776 77.8776 
1718654916959106             77.8776 77.8776 77.8776 77.8776 77.8776 77.8776 
1718654916979726             77.8776 77.8776 77.8776 77.8776 77.8776 77.8776 
1718654916982146             77.8776 77.8776 77.8776 77.8776 77.8776 77.8776 
1718654916997526             77.8776 77.8776 77.8776 77.8776 77.8776 77.8776 
1718654917036976             77.8776 77.8776 77.8776 77.8776 77.8776 77.8776 
1718654917081626             77.8776 77.8776 77.8776 77.8776 77.8776 77.8776 
1718654917092726             77.8776 77.8776 77.8776 77.8776 77.8776 77.8776 
1718654917103536             77.8776 77.8776 77.8776 77.8776 77.8776 77.8776 
1718654917124866             77.8776 77.8776 77.8776 77.8776 77.8776 77.8776 
1718654917136876             77.8776 77.8776 77.8776 77.8776 77.8776 77.8776 
1718654917145566             77.8776 77.8776 77.8776 77.8776 77.8776 77.8776 
1718654917158266             77.8776 77.8776 77.8776 77.8776 77.8776 77.8776 
1718654917161286             77.8776 77.8776 77.8776 77.8776 77.8776 77.8776 
1718654917178766             77.8776 77.8776 77.8776 77.8776 77.8776 77.8776 
1718654917182696             77.8776 77.8776 77.8776 77.8776 77.8776 77.8776 
1718654917224076             77.8776 77.8776 77.8776 77.8776 77.8776 77.8776 
1718654917235526             77.8776 77.8776 77.8776 77.8776 77.8776 77.8776 
1718654917269706             77.8776 77.8776 77.8776 77.8776 77.8776 77.8776 
1718654917281256             77.8776 77.8776 77.8776 77.8776 77.8776 77.8776 
1718654917303866             77.8776 77.8776 77.8776 77.8776 77.8776 77.8776 
1718654917345746             77.8776 77.8776 77.8776 77.8776 77.8776 77.8776 
1718654917361296             77.8776 77.8776 77.8776 77.8776 77.8776 77.8776 
1718654917372666             77.8776 77.8776 77.8776 77.8776 77.8776 77.8776 
1718654917392796             77.8776 77.8776 77.8776 77.8776 77.8776 77.8776 
1718654917401176             77.8776 77.8776 77.8776 77.8776 77.8776 77.8776 
1718654917417536             77.8776 77.8776 77.8776 77.8776 77.8776 77.8776 
1718654917419776             89.1405 77.8776 77.8776 90 77.8776 89.1405 
1718654917433216             77.8776 77.8776 77.8776 77.8776 77.8776 77.8776 
1718654917447096             77.8776 77.8776 77.8776 77.8776 77.8776 77.8776 
1718654917447366             77.8776 77.8776 77.8776 77.8776 77.8776 77.8776 
1718654917481606             77.8776 77.8776 77.8776 77.8776 77.8776 77.8776 
1718654917491366             77.8776 77.8776 77.8776 77.8776 77.8776 77.8776 
1718654917504816             77.8776 77.8776 77.8776 77.8776 77.8776 77.8776 
1718654917558056             77.8776 77.8776 77.8776 77.8776 77.8776 77.8776 
1718654917578556             77.8776 77.8776 77.8776 77.8776 77.8776 77.8776 
1718654917605726             77.8776 77.8776 77.8776 77.8776 77.8776 77.8776 
1718654917636076             77.8776 77.8776 77.8776 77.8776 77.8776 77.8776 
1718654917649046             77.8776 77.8776 77.8776 77.8776 77.8776 77.8776 
1718654917685116             77.8776 77.8776 77.8776 77.8776 77.8776 77.8776 
1718654917686836             77.8776 77.8776 77.8776 77.8776 77.8776 77.8776 
1718654917697836             77.8776 77.8776 77.8776 77.8776 77.8776 77.8776 
1718654917726526             77.8776 77.8776 77.8776 77.8776 77.8776 77.8776 
1718654917770176             77.8776 77.8776 77.8776 77.8776 77.8776 77.8776 
1718654917819546             77.8776 77.8776 77.8776 77.8776 77.8776 77.8776 
1718654917838036             77.8776 77.8776 77.8776 77.8776 77.8776 77.8776 
1718654917868616             77.8776 77.8776 77.8776 77.8776 77.8776 77.8776 
1718654917889516             77.8776 77.8776 77.8776 77.8776 77.8776 77.8776 
1718654917932816             77.8776 77.8776 77.8776 77.8776 77.8776 77.8776 
1718654917945836             77.8776 77.8776 77.8776 77.8776 77.8776 77.8776 
1718654917970376             77.8776 77.8776 77.8776 77.8776 77.8776 77.8776 
1718654918034956             77.8776 77.8776 77.8776 77.8776 77.8776 77.8776 
1718654918067176             77.8776 77.8776 77.8776 77.8776 77.8776 77.8776 
1718654918083936             77.8776 77.8776 77.8776 77.8776 77.8776 77.8776 
1718654918134006             77.8776 77.8776 77.8776 77.8776 77.8776 77.8776 
1718654918145966             77.8776 77.8776 77.8776 77.8776 77.8776 77.8776 
1718654918177416             77.8776 77.8776 77.8776 77.8776 77.8776 77.8776 
1718654918211136             77.8776 77.8776 77.8776 77.8776 77.8776 77.8776 
1718654918216226             77.8776 77.8776 77.8776 77.8776 77.8776 77.8776 
1718654918264726             77.8776 77.8776 77.8776 77.8776 77.8776 77.8776 
1718654918321116             77.8776 77.8776 77.8776 77.8776 77.8776 77.8776 
1718654918334156             77.8776 77.8776 77.8776 77.8776 77.8776 77.8776 
1718654918367106             77.8776 77.8776 77.8776 77.8776 77.8776 77.8776 
1718654918370776             77.8776 77.8776 77.8776 77.8776 77.8776 77.8776 
1718654918413666             77.8776 77.8776 77.8776 77.8776 77.8776 77.8776 
1718654918421126             77.8776 77.8776 77.8776 77.8776 77.8776 77.8776 
1718654918489746             77.8776 77.8776 77.8776 77.8776 77.8776 77.8776 
1718654918511916             77.8776 77.8776 77.8776 77.8776 77.8776 77.8776 
1718654918579056             77.8776 77.8776 77.8776 77.8776 77.8776 77.8776 
1718654918646366             77.8776 77.8776 77.8776 77.8776 77.8776 77.8776 
1718654918745646             77.8776 77.8776 77.8776 77.8776 77.8776 77.8776 
1718654918787666             77.8776 77.8776 77.8776 77.8776 77.8776 77.8776 
1718654918816386             77.8776 77.8776 77.8776 77.8776 77.8776 77.8776 
1718654918885306             77.8776 77.8776 77.8776 77.8776 77.8776 77.8776 
1718654918899046             77.8776 77.8776 77.8776 77.8776 77.8776 77.8776 
1718654918911746             77.8776 77.8776 77.8776 77.8776 77.8776 77.8776 
1718654918922506             77.8776 77.8776 77.8776 77.8776 77.8776 77.8776 
1718654918932386             77.8776 77.8776 77.8776 77.8776 77.8776 77.8776 
1718654918952646             77.8776 77.8776 77.8776 77.8776 77.8776 77.8776 
1718654918974396             77.8776 77.8776 77.8776 77.8776 77.8776 77.8776 
1718654918976196             77.8776 77.8776 77.8776 77.8776 77.8776 77.8776 
1718654919000006             77.8776 77.8776 77.8776 77.8776 77.8776 77.8776 
1718654919010546             77.8776 77.8776 77.8776 77.8776 77.8776 77.8776 
1718654919034146             77.8776 77.8776 77.8776 77.8776 77.8776 77.8776 
1718654919034686             77.8776 77.8776 77.8776 77.8776 77.8776 77.8776 
1718654919077416             77.8776 77.8776 77.8776 77.8776 77.8776 77.8776 
1718654919102096             77.8776 77.8776 77.8776 77.8776 77.8776 77.8776 
1718654919143756             77.8776 77.8776 77.8776 77.8776 77.8776 77.8776 
1718654919167576             77.8776 77.8776 77.8776 77.8776 77.8776 77.8776 
1718654919197786             77.8776 77.8776 77.8776 77.8776 77.8776 77.8776 
1718654919244366             77.8776 77.8776 77.8776 77.8776 77.8776 77.8776 
1718654919300106             77.8776 77.8776 77.8776 77.8776 77.8776 77.8776 
1718654919311606             77.8776 77.8776 77.8776 77.8776 77.8776 77.8776 
1718654919332336             77.8776 77.8776 77.8776 77.8776 77.8776 77.8776 
1718654919389166             77.8776 77.8776 77.8776 77.8776 77.8776 77.8776 
1718654919401106             77.8776 77.8776 77.8776 77.8776 77.8776 77.8776 
1718654919421716             77.8776 77.8776 77.8776 77.8776 77.8776 77.8776 
1718654919479616             77.8776 77.8776 77.8776 77.8776 77.8776 77.8776 
1718654919532136             77.8776 77.8776 77.8776 77.8776 77.8776 77.8776 
1718654919544006             77.8776 77.8776 77.8776 77.8776 77.8776 77.8776 
1718654919567126             77.8776 77.8776 77.8776 77.8776 77.8776 77.8776 
1718654919634766             77.8776 77.8776 77.8776 77.8776 77.8776 77.8776 
1718654919654936             77.8776 77.8776 77.8776 77.8776 77.8776 77.8776 
1718654919698586             77.8776 77.8776 77.8776 77.8776 77.8776 77.8776 
1718654919742886             77.8776 77.8776 77.8776 77.8776 77.8776 77.8776 
1718654919798326             77.8776 77.8776 77.8776 77.8776 77.8776 77.8776 
1718654919798566             89.1405 89.5703 77.8776 90 89.5703 89.1405 
1718654919809756             77.8776 77.8776 77.8776 77.8776 77.8776 77.8776 
1718654919825996             77.8776 77.8776 77.8776 77.8776 77.8776 77.8776 
1718654919830086             77.8776 77.8776 77.8776 77.8776 77.8776 77.8776 
1718654919844096             77.8776 77.8776 77.8776 77.8776 77.8776 77.8776 
1718654919853626             77.8776 77.8776 77.8776 77.8776 77.8776 77.8776 
1718654919859356             77.8776 77.8776 77.8776 77.8776 77.8776 77.8776 
1718654919877726             77.8776 77.8776 77.8776 77.8776 77.8776 77.8776 
1718654919899466             77.8776 77.8776 77.8776 77.8776 77.8776 77.8776 
1718654919956356             77.8776 77.8776 77.8776 77.8776 77.8776 77.8776 
1718654920002946             77.8776 77.8776 77.8776 77.8776 77.8776 77.8776 
1718654920086366             77.8776 77.8776 77.8776 77.8776 77.8776 77.8776 
1718654920120136             77.8776 77.8776 77.8776 77.8776 77.8776 77.8776 
1718654920135746             77.8776 77.8776 77.8776 77.8776 77.8776 77.8776 
1718654920181756             77.8776 77.8776 77.8776 77.8776 77.8776 77.8776 
1718654920200566             77.8776 77.8776 77.8776 77.8776 77.8776 77.8776 
1718654920259196             77.8776 77.8776 77.8776 77.8776 77.8776 77.8776 
1718654920274126             77.8776 77.8776 77.8776 77.8776 77.8776 77.8776 
1718654920274966             77.8776 77.8776 77.8776 77.8776 77.8776 77.8776 
1718654920292946             77.8776 77.8776 77.8776 77.8776 77.8776 77.8776 
1718654920296196             77.8776 77.8776 77.8776 77.8776 77.8776 77.8776 
1718654920313506             77.8776 77.8776 77.8776 77.8776 77.8776 77.8776 
1718654920315196             77.8776 77.8776 77.8776 77.8776 77.8776 77.8776 
1718654920327876             77.8776 77.8776 77.8776 77.8776 77.8776 77.8776 
1718654920342416             77.8776 77.8776 77.8776 77.8776 77.8776 77.8776 
1718654920344506             77.8776 77.8776 89.427 77.8776 77.8776 77.8776 
1718654920355566             77.8776 77.8776 77.8776 77.8776 77.8776 77.8776 
1718654920366076             77.8776 77.8776 77.8776 77.8776 77.8776 77.8776 
1718654920373816             77.8776 77.8776 77.8776 77.8776 77.8776 77.8776 
1718654920390456             77.8776 89.5703 90 77.8776 77.8776 90.8595 
1718654920394176             90.8595 90 90.2865 91.7191 89.5703 77.8776 
1718654920412836             77.8776 77.8776 77.8776 77.8776 77.8776 77.8776 
1718654920419036             77.8776 90 77.8776 77.8776 90 77.8776 
1718654920423806             77.8776 77.8776 77.8776 77.8776 77.8776 77.8776 
1718654920436296             77.8776 77.8776 77.8776 77.8776 77.8776 77.8776 
1718654920452346             77.8776 77.8776 77.8776 77.8776 77.8776 77.8776 
1718654920454226             77.8776 77.8776 77.8776 90 77.8776 90.8595 
1718654920471896             77.8776 77.8776 77.8776 77.8776 77.8776 77.8776 
1718654920475536             77.8776 77.8776 77.8776 77.8776 77.8776 77.8776 
1718654920491326             77.8776 77.8776 77.8776 77.8776 77.8776 77.8776 
1718654920494776             77.8776 77.8776 77.8776 77.8776 77.8776 77.8776 
1718654920503386             77.8776 77.8776 77.8776 77.8776 77.8776 77.8776 
1718654920518496             77.8776 77.8776 77.8776 77.8776 77.8776 77.8776 
1718654920524446             77.8776 77.8776 77.8776 77.8776 77.8776 77.8776 
1718654920540346             77.8776 77.8776 77.8776 77.8776 77.8776 77.8776 
1718654920551576             77.8776 77.8776 77.8776 77.8776 77.8776 77.8776 
1718654920553986             77.8776 77.8776 77.8776 77.8776 77.8776 77.8776 
1718654920569226             77.8776 89.5703 90 77.8776 77.8776 90.8595 
1718654920574106             90.8595 77.8776 90 77.8776 89.5703 90.8595 
1718654920583676             77.8776 77.8776 77.8776 77.8776 77.8776 77.8776 
1718654920592356             77.8776 77.8776 77.8776 77.8776 77.8776 77.8776 
1718654920603636             77.8776 77.8776 77.8776 77.8776 77.8776 77.8776 
1718654920612906             77.8776 77.8776 77.8776 77.8776 77.8776 77.8776 
1718654920626836             77.8776 77.8776 77.8776 77.8776 77.8776 77.8776 
1718654920639056             77.8776 77.8776 77.8776 77.8776 77.8776 77.8776 
1718654920651456             77.8776 77.8776 77.8776 77.8776 77.8776 77.8776 
1718654920651536             77.8776 77.8776 77.8776 77.8776 77.8776 77.8776 
1718654920667936             77.8776 77.8776 77.8776 77.8776 77.8776 77.8776 
1718654920674666             77.8776 77.8776 77.8776 77.8776 77.8776 77.8776 
1718654920686626             77.8776 77.8776 77.8776 77.8776 77.8776 77.8776 
1718654920691176             77.8776 77.8776 77.8776 77.8776 77.8776 77.8776 
1718654920703946             77.8776 77.8776 77.8776 77.8776 77.8776 77.8776 
1718654920721426             77.8776 77.8776 77.8776 77.8776 77.8776 77.8776 
1718654920740626             77.8776 77.8776 77.8776 77.8776 77.8776 77.8776 
1718654920750536             77.8776 77.8776 77.8776 77.8776 77.8776 77.8776 
1718654920754996             77.8776 77.8776 77.8776 77.8776 77.8776 77.8776 
1718654920779626             66.1089 66.1089 66.1089 66.1089 66.1089 66.1089 
1718654920791636             66.1089 66.1089 66.1089 66.1089 66.1089 66.1089 
1718654920809396             66.1089 66.1089 66.1089 66.1089 66.1089 66.1089 
1718654920811066             66.1089 66.1089 66.1089 66.1089 66.1089 66.1089 
1718654920827536             66.1089 66.1089 66.1089 66.1089 66.1089 66.1089 
1718654920832876             66.1089 66.1089 66.1089 66.1089 66.1089 66.1089 
1718654920847096             66.1089 66.1089 66.1089 66.1089 66.1089 66.1089 
1718654920855506             66.1089 66.1089 66.1089 66.1089 66.1089 66.1089 
1718654920862146             66.1089 66.1089 66.1089 66.1089 66.1089 66.1089 
1718654920869936             66.1089 66.1089 66.1089 66.1089 66.1089 66.1089 
1718654920900596             66.1089 66.1089 66.1089 66.1089 66.1089 66.1089 
1718654920916146             66.1089 66.1089 66.1089 66.1089 66.1089 66.1089 
1718654920921686             66.1089 66.1089 66.1089 66.1089 66.1089 66.1089 
1718654920934356             66.1089 66.1089 66.1089 66.1089 66.1089 66.1089 
1718654920956696             66.1089 66.1089 66.1089 66.1089 66.1089 66.1089 
1718654920959386             66.1089 66.1089 66.1089 66.1089 66.1089 66.1089 
1718654920987366             66.1089 66.1089 66.1089 66.1089 66.1089 66.1089 
1718654920993276             66.1089 66.1089 66.1089 66.1089 66.1089 66.1089 
1718654921000266             66.1089 66.1089 66.1089 66.1089 66.1089 66.1089 
1718654921017276             66.1089 66.1089 66.1089 66.1089 66.1089 66.1089 
1718654921046506             66.1089 66.1089 66.1089 66.1089 66.1089 66.1089 
1718654921056026             66.1089 66.1089 66.1089 66.1089 66.1089 66.1089 
1718654921066366             66.1089 66.1089 66.1089 66.1089 66.1089 66.1089 
1718654921082216             66.1089 66.1089 66.1089 66.1089 66.1089 66.1089 
1718654921089846             66.1089 66.1089 66.1089 66.1089 66.1089 66.1089 
1718654921113066             66.1089 66.1089 66.1089 66.1089 66.1089 66.1089 
1718654921124936             66.1089 66.1089 66.1089 66.1089 66.1089 66.1089 
1718654921127966             66.1089 66.1089 66.1089 66.1089 66.1089 66.1089 
1718654921154436             66.1089 66.1089 66.1089 66.1089 66.1089 66.1089 
1718654921157516             66.1089 66.1089 66.1089 66.1089 66.1089 66.1089 
1718654921169786             66.1089 66.1089 66.1089 66.1089 66.1089 66.1089 
1718654921200706             66.1089 66.1089 66.1089 66.1089 66.1089 66.1089 
1718654921217566             66.1089 66.1089 66.1089 66.1089 66.1089 66.1089 
1718654921233306             66.1089 66.1089 66.1089 66.1089 66.1089 66.1089 
1718654921269566             66.1089 66.1089 66.1089 66.1089 66.1089 66.1089 
1718654921291316             66.1089 66.1089 66.1089 66.1089 66.1089 66.1089 
1718654921302636             66.1089 66.1089 66.1089 66.1089 66.1089 66.1089 
1718654921311436             66.1089 66.1089 66.1089 66.1089 66.1089 66.1089 
1718654921334156             66.1089 66.1089 66.1089 66.1089 66.1089 66.1089 
1718654921353746             66.1089 66.1089 66.1089 66.1089 66.1089 66.1089 
1718654921367956             66.1089 66.1089 66.1089 66.1089 66.1089 66.1089 
1718654921378596             66.1089 66.1089 66.1089 66.1089 66.1089 66.1089 
1718654921392926             66.1089 66.1089 66.1089 66.1089 66.1089 66.1089 
1718654921399516             66.1089 66.1089 66.1089 66.1089 66.1089 66.1089 
1718654921410646             66.1089 66.1089 66.1089 66.1089 66.1089 66.1089 
1718654921447796             66.1089 66.1089 66.1089 66.1089 66.1089 66.1089 
1718654921455076             66.1089 66.1089 66.1089 66.1089 66.1089 66.1089 
1718654921476166             66.1089 66.1089 66.1089 66.1089 66.1089 66.1089 
1718654921501636             66.1089 66.1089 66.1089 66.1089 66.1089 66.1089 
1718654921523786             66.1089 66.1089 66.1089 66.1089 66.1089 66.1089 
1718654921567826             66.1089 66.1089 66.1089 66.1089 66.1089 66.1089 
1718654921578096             66.1089 66.1089 66.1089 66.1089 66.1089 66.1089 
1718654921610916             66.1089 66.1089 66.1089 66.1089 66.1089 66.1089 
1718654921633936             66.1089 66.1089 66.1089 66.1089 66.1089 66.1089 
1718654921656616             66.1089 66.1089 66.1089 66.1089 66.1089 66.1089 
1718654921674606             66.1089 66.1089 66.1089 66.1089 66.1089 66.1089 
1718654921701706             66.1089 66.1089 66.1089 66.1089 66.1089 66.1089 
1718654921721986             66.1089 66.1089 66.1089 66.1089 66.1089 66.1089 
1718654921740266             66.1089 66.1089 66.1089 66.1089 66.1089 66.1089 
1718654921768846             66.1089 66.1089 66.1089 66.1089 66.1089 66.1089 
1718654921777906             66.1089 66.1089 66.1089 66.1089 66.1089 66.1089 
1718654921813536             66.1089 66.1089 66.1089 66.1089 66.1089 66.1089 
1718654921843786             66.1089 66.1089 66.1089 66.1089 66.1089 66.1089 
1718654921856436             66.1089 66.1089 66.1089 66.1089 66.1089 66.1089 
1718654921864966             66.1089 66.1089 66.1089 66.1089 66.1089 66.1089 
1718654921880986             66.1089 66.1089 66.1089 66.1089 66.1089 66.1089 
1718654921890666             66.1089 66.1089 66.1089 66.1089 66.1089 66.1089 
1718654921900586             66.1089 66.1089 66.1089 66.1089 66.1089 66.1089 
1718654921922876             66.1089 66.1089 66.1089 66.1089 66.1089 66.1089 
1718654921932826             66.1089 66.1089 66.1089 66.1089 66.1089 66.1089 
1718654921955526             66.1089 66.1089 66.1089 66.1089 66.1089 66.1089 
1718654921978796             66.1089 66.1089 66.1089 66.1089 66.1089 66.1089 
1718654922000566             66.1089 66.1089 66.1089 66.1089 66.1089 66.1089 
1718654922001166             66.1089 66.1089 66.1089 66.1089 66.1089 66.1089 
1718654922019336             66.1089 66.1089 66.1089 66.1089 66.1089 66.1089 
1718654922020906             66.1089 66.1089 66.1089 66.1089 66.1089 66.1089 
1718654922067396             66.1089 66.1089 66.1089 66.1089 66.1089 66.1089 
1718654922088136             66.1089 66.1089 66.1089 66.1089 66.1089 66.1089 
1718654922144226             66.1089 66.1089 66.1089 66.1089 66.1089 66.1089 
1718654922157146             66.1089 66.1089 66.1089 66.1089 66.1089 66.1089 
1718654922199646             66.1089 66.1089 66.1089 66.1089 66.1089 66.1089 
1718654922220526             66.1089 66.1089 66.1089 66.1089 66.1089 66.1089 
1718654922245296             66.1089 66.1089 66.1089 66.1089 66.1089 66.1089 
1718654922266296             66.1089 66.1089 66.1089 66.1089 66.1089 66.1089 
1718654922331156             66.1089 66.1089 66.1089 66.1089 66.1089 66.1089 
1718654922344966             66.1089 66.1089 66.1089 66.1089 66.1089 66.1089 
1718654922365376             66.1089 66.1089 66.1089 66.1089 66.1089 66.1089 
1718654922387266             66.1089 66.1089 66.1089 66.1089 66.1089 66.1089 
1718654922429926             66.1089 66.1089 66.1089 66.1089 66.1089 66.1089 
1718654922453766             66.1089 66.1089 66.1089 66.1089 66.1089 66.1089 
1718654922478916             66.1089 66.1089 66.1089 66.1089 66.1089 66.1089 
1718654922542476             66.1089 66.1089 66.1089 66.1089 66.1089 66.1089 
1718654922561696             66.1089 66.1089 66.1089 66.1089 66.1089 66.1089 
1718654922575356             66.1089 66.1089 66.1089 66.1089 66.1089 66.1089 
1718654922577766             66.1089 66.1089 66.1089 66.1089 66.1089 66.1089 
1718654922589236             66.1089 66.1089 66.1089 66.1089 66.1089 66.1089 
1718654922625696             66.1089 66.1089 66.1089 66.1089 66.1089 66.1089 
1718654922643266             66.1089 66.1089 66.1089 66.1089 66.1089 66.1089 
1718654922661766             66.1089 66.1089 66.1089 66.1089 66.1089 66.1089 
1718654922665616             66.1089 66.1089 66.1089 66.1089 66.1089 66.1089 
1718654922684876             66.1089 66.1089 66.1089 66.1089 66.1089 66.1089 
1718654922686966             66.1089 66.1089 66.1089 66.1089 66.1089 66.1089 
1718654922695696             66.1089 66.1089 66.1089 66.1089 66.1089 66.1089 
1718654922710346             66.1089 66.1089 66.1089 66.1089 66.1089 66.1089 
1718654922731986             66.1089 66.1089 66.1089 66.1089 66.1089 66.1089 
1718654922749346             66.1089 66.1089 66.1089 66.1089 66.1089 66.1089 
1718654922757256             66.1089 66.1089 66.1089 66.1089 66.1089 66.1089 
1718654922775866             66.1089 66.1089 66.1089 66.1089 66.1089 66.1089 
1718654922798356             66.1089 66.1089 66.1089 66.1089 66.1089 66.1089 
1718654922830696             66.1089 66.1089 66.1089 66.1089 66.1089 66.1089 
1718654922845936             66.1089 66.1089 66.1089 66.1089 66.1089 66.1089 
1718654922875486             66.1089 66.1089 66.1089 66.1089 66.1089 66.1089 
1718654922896356             66.1089 66.1089 66.1089 66.1089 66.1089 66.1089 
1718654922911036             66.1089 66.1089 66.1089 66.1089 66.1089 66.1089 
1718654922931786             66.1089 66.1089 66.1089 66.1089 66.1089 66.1089 
1718654922964476             66.1089 66.1089 66.1089 66.1089 66.1089 66.1089 
1718654922976386             66.1089 66.1089 66.1089 66.1089 66.1089 66.1089 
1718654922988256             66.1089 66.1089 66.1089 66.1089 66.1089 66.1089 
1718654923051846             66.1089 66.1089 66.1089 66.1089 66.1089 66.1089 
1718654923053186             66.1089 66.1089 66.1089 66.1089 66.1089 66.1089 
1718654923132406             66.1089 66.1089 66.1089 66.1089 66.1089 66.1089 
1718654923152466             66.1089 66.1089 66.1089 66.1089 66.1089 66.1089 
1718654923184646             66.1089 66.1089 66.1089 66.1089 66.1089 66.1089 
1718654923197276             66.1089 66.1089 66.1089 66.1089 66.1089 66.1089 
1718654923239076             66.1089 66.1089 66.1089 66.1089 66.1089 66.1089 
1718654923265836             66.1089 66.1089 66.1089 66.1089 66.1089 66.1089 
1718654923271986             66.1089 66.1089 66.1089 66.1089 66.1089 66.1089 
1718654923309706             66.1089 66.1089 66.1089 66.1089 66.1089 66.1089 
1718654923319576             66.1089 66.1089 66.1089 66.1089 66.1089 66.1089 
1718654923334716             66.1089 66.1089 66.1089 66.1089 66.1089 66.1089 
1718654923355216             66.1089 66.1089 66.1089 66.1089 66.1089 66.1089 
1718654923386076             66.1089 66.1089 66.1089 66.1089 66.1089 66.1089 
1718654923402596             66.1089 66.1089 66.1089 66.1089 66.1089 66.1089 
1718654923518836             66.1089 66.1089 66.1089 66.1089 66.1089 66.1089 
1718654923542136             66.1089 66.1089 66.1089 66.1089 66.1089 66.1089 
1718654923676616             66.1089 66.1089 66.1089 66.1089 66.1089 66.1089 
1718654923708376             66.1089 66.1089 66.1089 66.1089 66.1089 66.1089 
1718654923717436             66.1089 66.1089 66.1089 66.1089 66.1089 66.1089 
1718654923753486             66.1089 66.1089 66.1089 66.1089 66.1089 66.1089 
1718654923807436             66.1089 66.1089 66.1089 66.1089 66.1089 66.1089 
1718654923893876             66.1089 66.1089 66.1089 66.1089 66.1089 66.1089 
1718654923916926             66.1089 66.1089 66.1089 66.1089 66.1089 66.1089 
1718654923939696             66.1089 66.1089 66.1089 66.1089 66.1089 66.1089 
1718654924007276             66.1089 66.1089 66.1089 66.1089 66.1089 66.1089 
1718654924030696             66.1089 66.1089 66.1089 66.1089 66.1089 66.1089 
1718654924047526             66.1089 66.1089 66.1089 66.1089 66.1089 66.1089 
1718654924061836             66.1089 66.1089 66.1089 66.1089 66.1089 66.1089 
1718654924085576             66.1089 66.1089 66.1089 66.1089 66.1089 66.1089 
1718654924106696             66.1089 66.1089 66.1089 66.1089 66.1089 66.1089 
1718654924128706             66.1089 66.1089 66.1089 66.1089 66.1089 66.1089 
1718654924162486             66.1089 66.1089 66.1089 66.1089 66.1089 66.1089 
1718654924181796             66.1089 66.1089 66.1089 66.1089 66.1089 66.1089 
1718654924192506             66.1089 66.1089 66.1089 66.1089 66.1089 66.1089 
1718654924202636             66.1089 66.1089 66.1089 66.1089 66.1089 66.1089 
1718654924205016             66.1089 66.1089 66.1089 66.1089 66.1089 66.1089 
1718654924220966             66.1089 66.1089 66.1089 66.1089 66.1089 66.1089 
1718654924225376             66.1089 66.1089 66.1089 66.1089 66.1089 66.1089 
1718654924242216             66.1089 66.1089 66.1089 66.1089 66.1089 66.1089 
1718654924247916             66.1089 66.1089 66.1089 66.1089 66.1089 66.1089 
1718654924252566             66.1089 66.1089 66.1089 66.1089 66.1089 66.1089 
1718654924266296             66.1089 66.1089 66.1089 66.1089 66.1089 66.1089 
1718654924274176             66.1089 66.1089 66.1089 66.1089 66.1089 66.1089 
1718654924285306             66.1089 66.1089 66.1089 66.1089 66.1089 66.1089 
1718654924298656             66.1089 66.1089 66.1089 66.1089 66.1089 66.1089 
1718654924302756             66.1089 66.1089 66.1089 66.1089 66.1089 66.1089 
1718654924318396             66.1089 66.1089 66.1089 66.1089 66.1089 66.1089 
1718654924330856             66.1089 66.1089 66.1089 66.1089 66.1089 66.1089 
1718654924335956                  90 66.1089 66.1089 66.1089 66.1089 66.1089 
1718654924349426                  90 90 90 90 90 90 
1718654924351666                  90 90 66.1089 90 66.1089 66.1089 
1718654924369316             66.1089 66.1089 66.1089 66.1089 66.1089 66.1089 
1718654924381306             66.1089 66.1089 66.1089 66.1089 66.1089 66.1089 
1718654924385276             66.1089 66.1089 66.1089 66.1089 66.1089 66.1089 
1718654924392856             66.1089 66.1089 66.1089 66.1089 66.1089 66.1089 
1718654924407856             66.1089 66.1089 66.1089 66.1089 66.1089 66.1089 
1718654924411716             66.1089 66.1089 66.1089 66.1089 66.1089 66.1089 
1718654924425896             66.1089 90 66.1089 66.1089 66.1089 66.1089 
1718654924440436             66.1089 66.1089 66.1089 66.1089 66.1089 66.1089 
1718654924448796             66.1089 66.1089 66.1089 66.1089 66.1089 66.1089 
1718654924455516             66.1089 66.1089 66.1089 66.1089 66.1089 66.1089 
1718654924468046             66.1089 66.1089 66.1089 66.1089 66.1089 66.1089 
1718654924473966             66.1089 66.1089 66.1089 66.1089 66.1089 66.1089 
1718654924482796             66.1089 66.1089 66.1089 66.1089 66.1089 66.1089 
1718654924499466             66.1089 66.1089 66.1089 89.1405 66.1089 89.1405 
1718654924502236             89.1405 66.1089 66.1089 90 66.1089 89.1405 
1718654924512176                  90 66.1089 66.1089 66.1089 66.1089 66.1089 
1718654924528476             66.1089 66.1089 66.1089 66.1089 66.1089 66.1089 
1718654924535026             66.1089 66.1089 66.1089 66.1089 66.1089 66.1089 
1718654924548426             66.1089 66.1089 66.1089 66.1089 66.1089 66.1089 
1718654924554446             66.1089 66.1089 66.1089 66.1089 66.1089 66.1089 
1718654924567046             66.1089 66.1089 66.1089 66.1089 66.1089 66.1089 
1718654924573346             66.1089 66.1089 66.1089 66.1089 66.1089 66.1089 
1718654924587236             66.1089 66.1089 66.1089 66.1089 66.1089 66.1089 
1718654924590556             66.1089 66.1089 66.1089 66.1089 66.1089 66.1089 
1718654924606446             66.1089 66.1089 66.1089 66.1089 66.1089 66.1089 
1718654924617546             66.1089 66.1089 66.1089 66.1089 66.1089 66.1089 
1718654924627846             66.1089 66.1089 66.1089 66.1089 66.1089 66.1089 
1718654924629946             66.1089 66.1089 66.1089 66.1089 66.1089 66.1089 
1718654924642916             66.1089 66.1089 66.1089 66.1089 66.1089 66.1089 
1718654924651716             66.1089 66.1089 66.1089 66.1089 66.1089 66.1089 
1718654924668426             66.1089 66.1089 66.1089 66.1089 66.1089 66.1089 
1718654924672346             66.1089 66.1089 66.1089 66.1089 66.1089 66.1089 
1718654924686246             66.1089 66.1089 66.1089 66.1089 66.1089 66.1089 
1718654924691786             66.1089 66.1089 66.1089 66.1089 66.1089 66.1089 
1718654924701796             66.1089 66.1089 66.1089 66.1089 66.1089 66.1089 
1718654924716096             66.1089 66.1089 66.1089 66.1089 66.1089 66.1089 
1718654924719226             66.1089 66.1089 66.1089 66.1089 66.1089 66.1089 
1718654924729576             66.1089 66.1089 66.1089 66.1089 66.1089 66.1089 
1718654924742116             66.1089 66.1089 66.1089 66.1089 66.1089 66.1089 
1718654924754946             66.1089 66.1089 66.1089 66.1089 66.1089 66.1089 
1718654924758586             66.1089 66.1089 66.1089 66.1089 66.1089 66.1089 
1718654924775426             66.1089 66.1089 66.1089 66.1089 66.1089 66.1089 
1718654924784056             66.1089 66.1089 66.1089 66.1089 66.1089 66.1089 
1718654924801846             66.1089 66.1089 66.1089 66.1089 66.1089 66.1089 
1718654924812786             66.1089 66.1089 66.1089 66.1089 66.1089 66.1089 
1718654924827756             66.1089 66.1089 66.1089 66.1089 66.1089 66.1089 
1718654924829806             66.1089 66.1089 66.1089 66.1089 66.1089 66.1089 
1718654924850886             66.1089 66.1089 66.1089 66.1089 66.1089 66.1089 
1718654924870486             66.1089 66.1089 66.1089 66.1089 66.1089 66.1089 
1718654924884736             66.1089 66.1089 66.1089 66.1089 66.1089 66.1089 
1718654924893106             66.1089 66.1089 66.1089 66.1089 66.1089 66.1089 
1718654924941466             66.1089 66.1089 66.1089 66.1089 66.1089 66.1089 
1718654924984116             66.1089 66.1089 66.1089 66.1089 66.1089 66.1089 
1718654925004786             66.1089 66.1089 66.1089 66.1089 66.1089 66.1089 
1718654925033936             66.1089 66.1089 66.1089 66.1089 66.1089 66.1089 
1718654925040566             66.1089 66.1089 66.1089 66.1089 66.1089 66.1089 
1718654925051796             66.1089 66.1089 66.1089 66.1089 66.1089 66.1089 
1718654925063116             66.1089 66.1089 66.1089 66.1089 66.1089 66.1089 
1718654925067876             66.1089 66.1089 66.1089 66.1089 66.1089 66.1089 
1718654925106106             66.1089 66.1089 66.1089 66.1089 66.1089 66.1089 
1718654925126166             66.1089 66.1089 66.1089 66.1089 66.1089 66.1089 
1718654925137446             66.1089 66.1089 66.1089 66.1089 66.1089 66.1089 
1718654925148416             66.1089 66.1089 66.1089 66.1089 66.1089 66.1089 
1718654925216796             66.1089 66.1089 66.1089 66.1089 66.1089 66.1089 
1718654925269576             66.1089 66.1089 66.1089 66.1089 66.1089 66.1089 
1718654925275866             66.1089 66.1089 66.1089 66.1089 66.1089 66.1089 
1718654925294936             66.1089 66.1089 66.1089 66.1089 66.1089 66.1089 
1718654925320376             66.1089 66.1089 66.1089 66.1089 66.1089 66.1089 
1718654925337816             66.1089 66.1089 66.1089 66.1089 66.1089 66.1089 
1718654925349656             66.1089 66.1089 66.1089 66.1089 66.1089 66.1089 
1718654925368646             66.1089 66.1089 66.1089 66.1089 66.1089 66.1089 
1718654925373946             66.1089 66.1089 66.1089 66.1089 66.1089 66.1089 
1718654925385176             66.1089 66.1089 66.1089 66.1089 66.1089 66.1089 
1718654925430616             66.1089 66.1089 66.1089 66.1089 66.1089 66.1089 
1718654925433956             66.1089 66.1089 66.1089 66.1089 66.1089 66.1089 
1718654925460986             66.1089 66.1089 66.1089 66.1089 66.1089 66.1089 
1718654925479786             66.1089 66.1089 66.1089 66.1089 66.1089 66.1089 
1718654925492006             66.1089 66.1089 66.1089 66.1089 66.1089 66.1089 
1718654925517796             66.1089 66.1089 66.1089 66.1089 66.1089 66.1089 
1718654925526976             66.1089 66.1089 66.1089 66.1089 66.1089 66.1089 
1718654925549416             66.1089 66.1089 66.1089 66.1089 66.1089 66.1089 
1718654925629996             66.1089 66.1089 66.1089 66.1089 66.1089 66.1089 
1718654925650516             66.1089 66.1089 66.1089 66.1089 66.1089 66.1089 
1718654925670926             66.1089 66.1089 66.1089 66.1089 66.1089 66.1089 
1718654925704896             66.1089 66.1089 66.1089 66.1089 66.1089 66.1089 
1718654925725156             66.1089 66.1089 66.1089 66.1089 66.1089 66.1089 
1718654925748156             66.1089 66.1089 66.1089 66.1089 66.1089 66.1089 
1718654925751106             66.1089 66.1089 66.1089 66.1089 66.1089 66.1089 
1718654925781816             66.1089 66.1089 66.1089 66.1089 66.1089 66.1089 
1718654925794426             66.1089 66.1089 66.1089 66.1089 66.1089 66.1089 
1718654925805786             66.1089 66.1089 66.1089 66.1089 66.1089 66.1089 
1718654925817556             66.1089 66.1089 66.1089 66.1089 66.1089 66.1089 
1718654925826166             66.1089 66.1089 66.1089 66.1089 66.1089 66.1089 
