Timestamp (microseconds)      Peak Amplitude
1718654849672306             -0.0006 -0.0012 -0.0018 -0.0006 -0.0012 -0.0006 
1718654849685486             -0.0006 -0.0012 -0.0018 -0.0006 -0.0012 -0.0006 
1718654849701976             -0.0006 -0.0012 -0.0018 -0.0006 -0.0012 -0.0006 
1718654849711486             -0.0006 -0.0012 -0.0018 -0.0006 -0.0012 -0.0006 
1718654849727956             -0.0006 -0.0012 -0.0018 -0.0006 -0.0012 -0.0006 
1718654849747896             -0.0006 -0.0012 -0.0018 -0.0006 -0.0012 -0.0006 
1718654849763046             -0.0006 -0.0012 -0.0018 -0.0006 -0.0012 -0.0006 
1718654849779666             -0.0006 -0.0012 -0.0018 -0.0006 -0.0012 -0.0006 
1718654849795346             -0.0006 -0.0012 -0.0018 -0.0006 -0.0012 -0.0006 
1718654849802096             -0.0006 -0.0012 -0.0018 -0.0006 -0.0012 -0.0006 
1718654849816106             -0.0006 -0.0012 -0.0018 -0.0006 -0.0012 -0.0006 
1718654849825106             -0.0006 -0.0012 -0.0018 -0.0006 -0.0012 -0.0006 
1718654849829386             -0.0006 -0.0012 -0.0018 -0.0006 -0.0012 -0.0006 
1718654849839536             -0.0006 -0.0012 -0.0018 -0.0006 -0.0012 -0.0006 
1718654849847536             -0.0006 -0.0012 -0.0018 -0.0006 -0.0012 -0.0006 
1718654849856596             -0.0006 -0.0012 -0.0018 -0.0006 -0.0012 -0.0006 
1718654849867486             -0.0006 -0.0012 -0.0018 -0.0006 -0.0012 -0.0006 
1718654849881306             -0.0006 -0.0012 -0.0018 -0.0006 -0.0012 -0.0006 
1718654849887996             -0.0006 -0.0012 -0.0018 -0.0006 -0.0012 -0.0006 
1718654849902836             -0.0006 -0.0012 -0.0018 -0.0006 -0.0012 -0.0006 
1718654849909116             -0.0006 -0.0012 -0.0018 -0.0006 -0.0012 -0.0006 
1718654849939666             -0.0006 -0.0012 -0.0018 -0.0006 -0.0012 -0.0006 
1718654849960606             -0.0006 -0.0012 -0.0018 -0.0006 -0.0012 -0.0006 
1718654849967966             -0.0006 -0.0012 -0.0018 -0.0006 -0.0012 -0.0006 
1718654849994256             -0.0006 -0.0012 -0.0018 -0.0006 -0.0012 -0.0006 
1718654849995936             -0.0006 -0.0012 -0.0018 -0.0006 -0.0012 -0.0006 
1718654850005306             -0.0006 -0.0012 -0.0018 -0.0006 -0.0012 -0.0006 
1718654850031056             -0.0006 -0.0012 -0.0018 -0.0006 -0.0012 -0.0006 
1718654850041406             -0.0006 -0.0012 -0.0018 -0.0006 -0.0012 -0.0006 
1718654850045606             -0.0006 -0.0012 -0.0018 -0.0006 -0.0012 -0.0006 
1718654850071286             -0.0006 -0.0012 -0.0018 -0.0006 -0.0012 -0.0006 
1718654850080876             -0.0006 -0.0012 -0.0018 -0.0006 -0.0012 -0.0006 
1718654850107466             -0.0006 -0.0012 -0.0018 -0.0006 -0.0012 -0.0006 
1718654850117656             -0.0006 -0.0012 -0.0018 -0.0006 -0.0012 -0.0006 
1718654850124366             -0.0006 -0.0012 -0.0018 -0.0006 -0.0012 -0.0006 
1718654850155336             -0.0006 -0.0012 -0.0018 -0.0006 -0.0012 -0.0006 
1718654850170696             -0.0006 -0.0012 -0.0018 -0.0006 -0.0012 -0.0006 
1718654850180466             -0.0006 -0.0012 -0.0018 -0.0006 -0.0012 -0.0006 
1718654850185036             -0.0006 -0.0012 -0.0018 -0.0006 -0.0012 -0.0006 
1718654850209236             -0.0006 -0.0012 -0.0018 -0.0006 -0.0012 -0.0006 
1718654850214156             -0.0006 -0.0012 -0.0018 -0.0006 -0.0012 -0.0006 
1718654850231146             -0.0006 -0.0012 -0.0018 -0.0006 -0.0012 -0.0006 
1718654850247796             -0.0006 -0.0012 -0.0018 -0.0006 -0.0012 -0.0006 
1718654850262036             -0.0006 -0.0012 -0.0018 -0.0006 -0.0012 -0.0006 
1718654850272556             -0.0006 -0.0012 -0.0018 -0.0006 -0.0012 -0.0006 
1718654850278616             -0.0006 -0.0012 -0.0018 -0.0006 -0.0012 -0.0006 
1718654850291256             -0.0006 -0.0012 -0.0018 -0.0006 -0.0012 -0.0006 
1718654850296516             -0.0006 -0.0012 -0.0018 -0.0006 -0.0012 -0.0006 
1718654850304886             -0.0006 -0.0012 -0.0018 -0.0006 -0.0012 -0.0006 
1718654850318846             -0.0006 -0.0012 -0.0018 -0.0006 -0.0012 -0.0006 
1718654850323566             -0.0006 -0.0012 -0.0018 -0.0006 -0.0012 -0.0006 
1718654850340326             -0.0006 -0.0012 -0.0018 -0.0006 -0.0012 -0.0006 
1718654850346796             -0.0006 -0.0012 -0.0018 -0.0006 -0.0012 -0.0006 
1718654850352806             -0.0006 -0.0012 -0.0018 -0.0006 -0.0012 -0.0006 
1718654850368546             -0.0006 -0.0012 -0.0018 -0.0006 -0.0012 -0.0006 
1718654850377816             -0.0006 -0.0012 0 -0.0006 -0.0012 -0.0006 
1718654850388816             -0.0006 -0.0012 -0.0018 -0.0006 -0.0012 -0.0006 
1718654850394366             -0.0006 -0.0012 -0.0018 0 0 0 
1718654850402316                   0 0 0 0 0 -0.0006 
1718654850420616             -0.0006 -0.0012 -0.0018 -0.0006 -0.0012 -0.0006 
1718654850422956             -0.0006 -1e-05 -0.0018 -0.0006 -0.0012 -0.0006 
1718654850441296             -0.0006 -0.0012 -0.0018 -0.0006 -0.0012 -0.0006 
1718654850442556             -0.0006 -0.0012 -0.0018 -0.0006 -0.0012 -0.0006 
1718654850455996             -0.0006 -0.0012 0 -0.0006 -0.0012 -0.0006 
1718654850465416             -0.0006 -0.0012 -0.0018 -0.0006 -0.0012 -0.0006 
1718654850473816             -0.0006 -0.0012 -0.0018 -0.0006 -0.0012 -0.0006 
1718654850484526             -0.0006 -0.0012 -0.0018 -0.0006 -0.0012 -0.0006 
1718654850500846             -0.0006 -0.0012 0 -0.0006 -1e-05 -0.0006 
1718654850501006             -0.0006 -1e-05 0 -0.0006 -0.0012 -0.0006 
1718654850513846             -0.0006 -0.0012 -0.0018 -0.0006 -0.0012 -0.0006 
1718654850521786             -0.0006 -0.0012 -0.0018 -0.0006 -0.0012 -0.0006 
1718654850530756             -0.0006 -0.0012 -0.0018 -0.0006 -0.0012 -0.0006 
1718654850547416             -0.0006 -0.0012 -0.0018 -0.0006 -0.0012 -0.0006 
1718654850551076             -0.0006 -0.0012 -0.0018 -0.0006 -0.0012 -0.0006 
1718654850568916             -0.0006 -0.0012 -0.0018 -0.0006 -0.0012 -0.0006 
1718654850574476                   0 -0.0012 -0.0018 0 -0.00015 -1e-05 
1718654850580956                   0 -1e-05 -2e-05 -1e-05 -1e-05 -0.0006 
1718654850596606             -0.0006 -0.0012 -0.0018 -0.0006 -0.0012 -0.0006 
1718654850607536             -0.0006 -0.0012 -0.0018 -0.0006 -0.0012 -0.0006 
1718654850614986             -0.0006 -0.0012 -0.0018 -0.0006 -0.0012 -0.0006 
1718654850624356             -0.0006 -0.0012 -0.0018 -0.0006 -0.0012 -0.0006 
1718654850637486             -0.0006 -0.0012 -0.0018 -0.0006 -0.0012 -0.0006 
1718654850647146             -0.0006 -0.0012 -0.0018 -0.0006 -0.0012 -0.0006 
1718654850656596             -0.0006 -0.0012 -0.0018 -0.0006 -0.0012 -0.0006 
1718654850661046             -0.0006 -0.0012 -0.0018 -0.0006 -0.0012 -0.0006 
1718654850669706             -0.0006 -0.0012 -0.0018 -0.0006 -0.0012 -0.0006 
1718654850685666             -0.0006 -0.0012 -0.0018 -0.0006 -0.0012 -0.0006 
1718654850692146             -0.0006 -0.0012 -0.0018 -0.0006 -0.0012 -0.0006 
1718654850708426             -0.0006 -0.0012 -0.0018 -0.0006 -0.0012 -0.0006 
1718654850709756             -0.0006 -0.0012 -0.0018 -0.0006 -0.0012 -0.0006 
1718654850719586             -0.0006 -0.0012 -0.0018 -0.0006 -0.0012 -0.0006 
1718654850732126             -0.0006 -0.0012 -0.0018 -0.0006 -0.0012 -0.0006 
1718654850739646             -0.0006 -0.0012 -0.0018 -0.0006 -0.0012 -0.0006 
1718654850751556             -0.0006 -0.0012 -0.0018 -0.0006 -0.0012 -0.0006 
1718654850758956             -0.0006 -0.0012 -0.0018 -0.0006 -0.0012 -0.0006 
1718654850778076            -0.00054 -0.00108 -0.00162 -0.00054 -0.00108 -0.00054 
1718654850780096            -0.00054 -0.00108 -0.00162 -0.00054 -0.00108 -0.00054 
1718654850797916            -0.00054 -0.00108 -0.00162 -0.00054 -0.00108 -0.00054 
1718654850815356            -0.00054 -0.00108 -0.00162 -0.00054 -0.00108 -0.00054 
1718654850819076            -0.00054 -0.00108 -0.00162 -0.00054 -0.00108 -0.00054 
1718654850834076            -0.00054 -0.00108 -0.00162 -0.00054 -0.00108 -0.00054 
1718654850844226            -0.00054 -0.00108 -0.00162 -0.00054 -0.00108 -0.00054 
1718654850856346            -0.00054 -0.00108 -0.00162 -0.00054 -0.00108 -0.00054 
1718654850858726            -0.00054 -0.00108 -0.00162 -0.00054 -0.00108 -0.00054 
1718654850868616            -0.00054 -0.00108 -0.00162 -0.00054 -0.00108 -0.00054 
1718654850883196            -0.00054 -0.00108 -0.00162 -0.00054 -0.00108 -0.00054 
1718654850895836            -0.00054 -0.00108 -0.00162 -0.00054 -0.00108 -0.00054 
1718654850903706            -0.00054 -0.00108 -0.00162 -0.00054 -0.00108 -0.00054 
1718654850908636            -0.00054 -0.00108 -0.00162 -0.00054 -0.00108 -0.00054 
1718654850925756            -0.00054 -0.00108 -0.00162 -0.00054 -0.00108 -0.00054 
1718654850931196            -0.00054 -0.00108 -0.00162 -0.00054 -0.00108 -0.00054 
1718654850937906            -0.00054 -0.00108 -0.00162 -0.00054 -0.00108 -0.00054 
1718654850949406            -0.00054 -0.00108 -0.00162 -0.00054 -0.00108 -0.00054 
1718654850957976            -0.00054 -0.00108 -0.00162 -0.00054 -0.00108 -0.00054 
1718654850972006            -0.00054 -0.00108 -0.00162 -0.00054 -0.00108 -0.00054 
1718654850982996            -0.00054 -0.00108 -0.00162 -0.00054 -0.00108 -0.00054 
1718654850990396            -0.00054 -0.00108 -0.00162 -0.00054 -0.00108 -0.00054 
1718654850998276            -0.00054 -0.00108 -0.00162 -0.00054 -0.00108 -0.00054 
1718654851021576            -0.00054 -0.00108 -0.00162 -0.00054 -0.00108 -0.00054 
1718654851037886            -0.00054 -0.00108 -0.00162 -0.00054 -0.00108 -0.00054 
1718654851051016            -0.00054 -0.00108 -0.00162 -0.00054 -0.00108 -0.00054 
1718654851057386            -0.00054 -0.00108 -0.00162 -0.00054 -0.00108 -0.00054 
1718654851068276            -0.00054 -0.00108 -0.00162 -0.00054 -0.00108 -0.00054 
1718654851084726            -0.00054 -0.00108 -0.00162 -0.00054 -0.00108 -0.00054 
1718654851096416            -0.00054 -0.00108 -0.00162 -0.00054 -0.00108 -0.00054 
1718654851116316            -0.00054 -0.00108 -0.00162 -0.00054 -0.00108 -0.00054 
1718654851131216            -0.00054 -0.00108 -0.00162 -0.00054 -0.00108 -0.00054 
1718654851146846            -0.00054 -0.00108 -0.00162 -0.00054 -0.00108 -0.00054 
1718654851156586            -0.00054 -0.00108 -0.00162 -0.00054 -0.00108 -0.00054 
1718654851175476            -0.00054 -0.00108 -0.00162 -0.00054 -0.00108 -0.00054 
1718654851175556            -0.00054 -0.00108 -0.00162 -0.00054 -0.00108 -0.00054 
1718654851202586            -0.00054 -0.00108 -0.00162 -0.00054 -0.00108 -0.00054 
1718654851205536            -0.00054 -0.00108 -0.00162 -0.00054 -0.00108 -0.00054 
1718654851222276            -0.00054 -0.00108 -0.00162 -0.00054 -0.00108 -0.00054 
1718654851235746            -0.00054 -0.00108 -0.00162 -0.00054 -0.00108 -0.00054 
1718654851264176            -0.00054 -0.00108 -0.00162 -0.00054 -0.00108 -0.00054 
1718654851265606            -0.00054 -0.00108 -0.00162 -0.00054 -0.00108 -0.00054 
1718654851291966            -0.00054 -0.00108 -0.00162 -0.00054 -0.00108 -0.00054 
1718654851295146            -0.00054 -0.00108 -0.00162 -0.00054 -0.00108 -0.00054 
1718654851317276            -0.00054 -0.00108 -0.00162 -0.00054 -0.00108 -0.00054 
1718654851333686            -0.00054 -0.00108 -0.00162 -0.00054 -0.00108 -0.00054 
1718654851335706            -0.00054 -0.00108 -0.00162 -0.00054 -0.00108 -0.00054 
1718654851356916            -0.00054 -0.00108 -0.00162 -0.00054 -0.00108 -0.00054 
1718654851370936            -0.00054 -0.00108 -0.00162 -0.00054 -0.00108 -0.00054 
1718654851380826            -0.00054 -0.00108 -0.00162 -0.00054 -0.00108 -0.00054 
1718654851391966            -0.00054 -0.00108 -0.00162 -0.00054 -0.00108 -0.00054 
1718654851396496            -0.00054 -0.00108 -0.00162 -0.00054 -0.00108 -0.00054 
1718654851407596            -0.00054 -0.00108 -0.00162 -0.00054 -0.00108 -0.00054 
1718654851425506            -0.00054 -0.00108 -0.00162 -0.00054 -0.00108 -0.00054 
1718654851450326            -0.00054 -0.00108 -0.00162 -0.00054 -0.00108 -0.00054 
1718654851460466            -0.00054 -0.00108 -0.00162 -0.00054 -0.00108 -0.00054 
1718654851478236            -0.00054 -0.00108 -0.00162 -0.00054 -0.00108 -0.00054 
1718654851497896            -0.00054 -0.00108 -0.00162 -0.00054 -0.00108 -0.00054 
1718654851504676            -0.00054 -0.00108 -0.00162 -0.00054 -0.00108 -0.00054 
1718654851522696            -0.00054 -0.00108 -0.00162 -0.00054 -0.00108 -0.00054 
1718654851524906            -0.00054 -0.00108 -0.00162 -0.00054 -0.00108 -0.00054 
1718654851534856            -0.00054 -0.00108 -0.00162 -0.00054 -0.00108 -0.00054 
1718654851544466            -0.00054 -0.00108 -0.00162 -0.00054 -0.00108 -0.00054 
1718654851571806            -0.00054 -0.00108 -0.00162 -0.00054 -0.00108 -0.00054 
1718654851573576            -0.00054 -0.00108 -0.00162 -0.00054 -0.00108 -0.00054 
1718654851584746            -0.00054 -0.00108 -0.00162 -0.00054 -0.00108 -0.00054 
1718654851594326            -0.00054 -0.00108 -0.00162 -0.00054 -0.00108 -0.00054 
1718654851612626            -0.00054 -0.00108 -0.00162 -0.00054 -0.00108 -0.00054 
1718654851635946            -0.00054 -0.00108 -0.00162 -0.00054 -0.00108 -0.00054 
1718654851646016            -0.00054 -0.00108 -0.00162 -0.00054 -0.00108 -0.00054 
1718654851659036            -0.00054 -0.00108 -0.00162 -0.00054 -0.00108 -0.00054 
1718654851662526            -0.00054 -0.00108 -0.00162 -0.00054 -0.00108 -0.00054 
1718654851690136            -0.00054 -0.00108 -0.00162 -0.00054 -0.00108 -0.00054 
1718654851704826            -0.00054 -0.00108 -0.00162 -0.00054 -0.00108 -0.00054 
1718654851724376            -0.00054 -0.00108 -0.00162 -0.00054 -0.00108 -0.00054 
1718654851740236            -0.00054 -0.00108 -0.00162 -0.00054 -0.00108 -0.00054 
1718654851743416            -0.00054 -0.00108 -0.00162 -0.00054 -0.00108 -0.00054 
1718654851759426            -0.00054 -0.00108 -0.00162 -0.00054 -0.00108 -0.00054 
1718654851773116            -0.00054 -0.00108 -0.00162 -0.00054 -0.00108 -0.00054 
1718654851816096            -0.00054 -0.00108 -0.00162 -0.00054 -0.00108 -0.00054 
1718654851821336            -0.00054 -0.00108 -0.00162 -0.00054 -0.00108 -0.00054 
1718654851840226            -0.00054 -0.00108 -0.00162 -0.00054 -0.00108 -0.00054 
1718654851852576            -0.00054 -0.00108 -0.00162 -0.00054 -0.00108 -0.00054 
1718654851868756            -0.00054 -0.00108 -0.00162 -0.00054 -0.00108 -0.00054 
1718654851874496            -0.00054 -0.00108 -0.00162 -0.00054 -0.00108 -0.00054 
1718654851886236            -0.00054 -0.00108 -0.00162 -0.00054 -0.00108 -0.00054 
1718654851889886            -0.00054 -0.00108 -0.00162 -0.00054 -0.00108 -0.00054 
1718654851957746            -0.00054 -0.00108 -0.00162 -0.00054 -0.00108 -0.00054 
1718654851961646            -0.00054 -0.00108 -0.00162 -0.00054 -0.00108 -0.00054 
1718654851978496            -0.00054 -0.00108 -0.00162 -0.00054 -0.00108 -0.00054 
1718654851982196            -0.00054 -0.00108 -0.00162 -0.00054 -0.00108 -0.00054 
1718654851994016            -0.00054 -0.00108 -0.00162 -0.00054 -0.00108 -0.00054 
1718654852007606            -0.00054 -0.00108 -0.00162 -0.00054 -0.00108 -0.00054 
1718654852011946            -0.00054 -0.00108 -0.00162 -0.00054 -0.00108 -0.00054 
1718654852023006            -0.00054 -0.00108 -0.00162 -0.00054 -0.00108 -0.00054 
1718654852057206            -0.00054 -0.00108 -0.00162 -0.00054 -0.00108 -0.00054 
1718654852066706            -0.00054 -0.00108 -0.00162 -0.00054 -0.00108 -0.00054 
1718654852068926            -0.00054 -0.00108 -0.00162 -0.00054 -0.00108 -0.00054 
1718654852093146            -0.00054 -0.00108 -0.00162 -0.00054 -0.00108 -0.00054 
1718654852100346            -0.00054 -0.00108 -0.00162 -0.00054 -0.00108 -0.00054 
1718654852115016            -0.00054 -0.00108 -0.00162 -0.00054 -0.00108 -0.00054 
1718654852120876            -0.00054 -0.00108 -0.00162 -0.00054 -0.00108 -0.00054 
1718654852133976            -0.00054 -0.00108 -0.00162 -0.00054 -0.00108 -0.00054 
1718654852143276            -0.00054 -0.00108 -0.00162 -0.00054 -0.00108 -0.00054 
1718654852160576            -0.00054 -0.00108 -0.00162 -0.00054 -0.00108 -0.00054 
1718654852205306            -0.00054 -0.00108 -0.00162 -0.00054 -0.00108 -0.00054 
1718654852209406            -0.00054 -0.00108 -0.00162 -0.00054 -0.00108 -0.00054 
1718654852230926            -0.00054 -0.00108 -0.00162 -0.00054 -0.00108 -0.00054 
1718654852253746            -0.00054 -0.00108 -0.00162 -0.00054 -0.00108 -0.00054 
1718654852258296            -0.00054 -0.00108 -0.00162 -0.00054 -0.00108 -0.00054 
1718654852272696            -0.00054 -0.00108 -0.00162 -0.00054 -0.00108 -0.00054 
1718654852280996            -0.00054 -0.00108 -0.00162 -0.00054 -0.00108 -0.00054 
1718654852287576            -0.00054 -0.00108 -0.00162 -0.00054 -0.00108 -0.00054 
1718654852297526            -0.00054 -0.00108 -0.00162 -0.00054 -0.00108 -0.00054 
1718654852319886            -0.00054 -0.00108 -0.00162 -0.00054 -0.00108 -0.00054 
1718654852334396            -0.00054 -0.00108 -0.00162 -0.00054 -0.00108 -0.00054 
1718654852368606            -0.00054 -0.00108 -0.00162 -0.00054 -0.00108 -0.00054 
1718654852386086            -0.00054 -0.00108 -0.00162 -0.00054 -0.00108 -0.00054 
1718654852406086            -0.00054 -0.00108 -0.00162 -0.00054 -0.00108 -0.00054 
1718654852419316            -0.00054 -0.00108 -0.00162 -0.00054 -0.00108 -0.00054 
1718654852432606            -0.00054 -0.00108 -0.00162 -0.00054 -0.00108 -0.00054 
1718654852452476            -0.00054 -0.00108 -0.00162 -0.00054 -0.00108 -0.00054 
1718654852455866            -0.00054 -0.00108 -0.00162 -0.00054 -0.00108 -0.00054 
1718654852482936            -0.00054 -0.00108 -0.00162 -0.00054 -0.00108 -0.00054 
1718654852494356            -0.00054 -0.00108 -0.00162 -0.00054 -0.00108 -0.00054 
1718654852538346            -0.00054 -0.00108 -0.00162 -0.00054 -0.00108 -0.00054 
1718654852546396            -0.00054 -0.00108 -0.00162 -0.00054 -0.00108 -0.00054 
1718654852580186            -0.00054 -0.00108 -0.00162 -0.00054 -0.00108 -0.00054 
1718654852597686            -0.00054 -0.00108 -0.00162 -0.00054 -0.00108 -0.00054 
1718654852615266            -0.00054 -0.00108 -0.00162 -0.00054 -0.00108 -0.00054 
1718654852629086            -0.00054 -0.00108 -0.00162 -0.00054 -0.00108 -0.00054 
1718654852635466            -0.00054 -0.00108 -0.00162 -0.00054 -0.00108 -0.00054 
1718654852646826            -0.00054 -0.00108 -0.00162 -0.00054 -0.00108 -0.00054 
1718654852663486            -0.00054 -0.00108 -0.00162 -0.00054 -0.00108 -0.00054 
1718654852665376            -0.00054 -0.00108 -0.00162 -0.00054 -0.00108 -0.00054 
1718654852676386            -0.00054 -0.00108 -0.00162 -0.00054 -0.00108 -0.00054 
1718654852692196            -0.00054 -0.00108 -0.00162 -0.00054 -0.00108 -0.00054 
1718654852694686            -0.00054 -0.00108 -0.00162 -0.00054 -0.00108 0 
1718654852723446            -0.00054 -0.00108 -0.00162 -0.00054 -0.00108 -0.00054 
1718654852739696            -0.00054 -0.00108 -0.00162 -0.00054 -0.00108 -0.00054 
1718654852748596            -0.00054 -0.00108 -0.00162 -0.00054 -0.00108 -0.00054 
1718654852758546            -0.00054 -0.00108 -0.00162 -0.00054 -0.00108 -0.00054 
1718654852776956            -0.00054 -0.00108 -0.00162 -0.00054 -0.00108 -0.00054 
1718654852782886            -0.00054 -0.00108 -0.00162 -0.00054 -0.00108 -0.00054 
1718654852801806            -0.00054 -0.00108 -0.00162 -0.00054 -0.00108 -0.00054 
1718654852803876            -0.00054 -0.00108 -0.00162 -0.00054 -0.00108 -0.00054 
1718654852819356            -0.00054 -0.00108 -0.00162 -0.00054 -0.00108 -0.00054 
1718654852834456            -0.00054 -0.00108 -0.00162 -0.00054 -0.00108 -0.00054 
1718654852849116            -0.00054 -0.00108 -0.00162 -0.00054 -0.00108 -0.00054 
1718654852858676            -0.00054 -0.00108 -0.00162 -0.00054 -0.00108 -0.00054 
1718654852870106            -0.00054 -0.00108 -0.00162 -0.00054 -0.00108 -0.00054 
1718654852877576            -0.00054 -0.00108 -0.00162 -0.00054 -0.00108 -0.00054 
1718654852891676            -0.00054 -0.00108 -0.00162 -0.00054 -0.00108 -0.00054 
1718654852891696            -0.00054 -0.00108 -0.00162 -0.00054 -0.00108 -0.00054 
1718654852906266            -0.00054 -0.00108 -0.00162 -0.00054 -0.00108 -0.00054 
1718654852934526            -0.00054 -0.00108 -0.00162 -0.00054 -0.00108 -0.00054 
1718654852947176            -0.00054 -0.00108 -0.00162 -0.00054 -0.00108 -0.00054 
1718654852956316            -0.00054 -0.00108 -0.00162 -0.00054 -0.00108 -0.00054 
1718654852967456            -0.00054 -0.00108 -0.00162 -0.00054 -0.00108 -0.00054 
1718654852976366            -0.00054 -0.00108 -0.00162 -0.00054 -0.00108 -0.00054 
1718654852991596            -0.00054 -0.00108 -0.00162 -0.00054 -0.00108 -0.00054 
1718654853002666            -0.00054 -0.00108 -0.00162 -0.00054 -0.00108 -0.00054 
1718654853042926            -0.00054 -0.00108 -0.00162 -0.00054 -0.00108 -0.00054 
1718654853058496            -0.00054 -0.00108 -0.00162 -0.00054 -0.00108 -0.00054 
1718654853070726            -0.00054 -0.00108 -0.00162 -0.00054 -0.00108 -0.00054 
1718654853085996            -0.00054 -0.00108 -0.00162 -0.00054 -0.00108 -0.00054 
1718654853122706            -0.00054 -0.00108 -0.00162 -0.00054 -0.00108 -0.00054 
1718654853136736            -0.00054 -0.00108 -0.00162 -0.00054 -0.00108 -0.00054 
1718654853144866            -0.00054 -0.00108 -0.00162 -0.00054 -0.00108 -0.00054 
1718654853179856            -0.00054 -0.00108 -0.00162 -0.00054 -0.00108 -0.00054 
1718654853203136            -0.00054 -0.00108 -0.00162 -0.00054 -0.00108 -0.00054 
1718654853229556            -0.00054 -0.00108 -0.00162 -0.00054 -0.00108 -0.00054 
1718654853257996            -0.00054 -0.00108 -0.00162 -0.00054 -0.00108 -0.00054 
1718654853259756            -0.00054 -0.00108 -0.00162 -0.00054 -0.00108 -0.00054 
1718654853292126            -0.00054 -0.00108 -0.00162 -0.00054 -0.00108 -0.00054 
1718654853336666            -0.00054 -0.00108 -0.00162 -0.00054 -0.00108 -0.00054 
1718654853340776            -0.00054 -0.00108 -0.00162 -0.00054 -0.00108 -0.00054 
1718654853354836            -0.00054 -0.00108 -0.00162 -0.00054 -0.00108 -0.00054 
1718654853359796            -0.00054 -0.00108 -0.00162 -0.00054 -0.00108 -0.00054 
1718654853386816            -0.00054 -0.00108 -0.00162 -0.00054 -0.00108 -0.00054 
1718654853390586            -0.00054 -0.00108 -0.00162 -0.00054 -0.00108 -0.00054 
1718654853405776            -0.00054 -0.00108 -0.00162 -0.00054 -0.00108 -0.00054 
1718654853408626            -0.00054 -0.00108 -0.00162 -0.00054 -0.00108 -0.00054 
1718654853433566            -0.00054 -0.00108 -0.00162 -0.00054 -0.00108 -0.00054 
1718654853443826            -0.00054 -0.00108 -0.00162 -0.00054 -0.00108 -0.00054 
1718654853447346            -0.00054 -0.00108 -0.00162 -0.00054 -0.00108 -0.00054 
1718654853472986            -0.00054 -0.00108 -0.00162 -0.00054 -0.00108 -0.00054 
1718654853479756            -0.00054 -0.00108 -0.00162 -0.00054 -0.00108 -0.00054 
1718654853508356            -0.00054 -0.00108 -0.00162 -0.00054 -0.00108 -0.00054 
1718654853522026            -0.00054 -0.00108 -0.00162 -0.00054 -0.00108 -0.00054 
1718654853526646            -0.00054 -0.00108 -0.00162 -0.00054 -0.00108 -0.00054 
1718654853544286            -0.00054 -0.00108 -0.00162 -0.00054 -0.00108 -0.00054 
1718654853567696            -0.00054 -0.00108 -0.00162 -0.00054 -0.00108 -0.00054 
1718654853576596            -0.00054 -0.00108 -0.00162 -0.00054 -0.00108 -0.00054 
1718654853589056            -0.00054 -0.00108 -0.00162 -0.00054 -0.00108 -0.00054 
1718654853632616            -0.00054 -0.00108 -0.00162 -0.00054 -0.00108 -0.00054 
1718654853647836            -0.00054 -0.00108 -0.00162 -0.00054 -0.00108 -0.00054 
1718654853655696            -0.00054 -0.00108 -0.00162 -0.00054 -0.00108 -0.00054 
1718654853711416            -0.00054 -0.00108 -0.00162 -0.00054 -0.00108 -0.00054 
1718654853765936            -0.00054 -0.00108 -0.00162 -0.00054 -0.00108 -0.00054 
1718654853778376            -0.00054 -0.00108 -0.00162 -0.00054 -0.00108 -0.00054 
1718654853800076            -0.00054 -0.00108 -0.00162 -0.00054 -0.00108 -0.00054 
1718654853810106            -0.00054 -0.00108 -0.00162 -0.00054 -0.00108 -0.00054 
1718654853826636            -0.00054 -0.00108 -0.00162 -0.00054 -0.00108 -0.00054 
1718654853863746            -0.00054 -0.00108 -0.00162 -0.00054 -0.00108 -0.00054 
1718654853872166            -0.00054 -0.00108 -0.00162 -0.00054 -0.00108 -0.00054 
1718654853881586            -0.00054 -0.00108 -0.00162 -0.00054 -0.00108 -0.00054 
1718654853884406            -0.00054 -0.00108 -0.00162 -0.00054 -0.00108 -0.00054 
1718654853899606            -0.00054 -0.00108 -0.00162 -0.00054 -0.00108 -0.00054 
1718654853955276            -0.00054 -0.00108 -0.00162 -0.00054 -0.00108 -0.00054 
1718654853963906            -0.00054 -0.00108 -0.00162 -0.00054 -0.00108 -0.00054 
1718654853975046            -0.00054 -0.00108 -0.00162 -0.00054 -0.00108 -0.00054 
1718654853994616            -0.00054 -0.00108 -0.00162 -0.00054 -0.00108 -0.00054 
1718654854011716            -0.00054 -0.00108 -0.00162 -0.00054 -0.00108 -0.00054 
1718654854012766            -0.00054 -0.00108 -0.00162 -0.00054 -0.00108 -0.00054 
1718654854033756            -0.00054 -0.00108 -0.00162 -0.00054 -0.00108 -0.00054 
1718654854050816            -0.00054 -0.00108 -0.00162 -0.00054 -0.00108 -0.00054 
1718654854052416            -0.00054 -0.00108 -0.00162 -0.00054 -0.00108 -0.00054 
1718654854069126            -0.00054 -0.00108 -0.00162 -0.00054 -0.00108 -0.00054 
1718654854086646            -0.00054 -0.00108 -0.00162 -0.00054 -0.00108 -0.00054 
1718654854106946            -0.00054 -0.00108 -0.00162 -0.00054 -0.00108 -0.00054 
1718654854131236            -0.00054 -0.00108 -0.00162 -0.00054 -0.00108 -0.00054 
1718654854131906            -0.00054 -0.00108 -0.00162 -0.00054 -0.00108 -0.00054 
1718654854152446            -0.00054 -0.00108 -0.00162 -0.00054 -0.00108 -0.00054 
1718654854165926            -0.00054 -0.00108 -0.00162 -0.00054 -0.00108 -0.00054 
1718654854177086            -0.00054 -0.00108 -0.00162 -0.00054 -0.00108 -0.00054 
1718654854190976            -0.00054 -0.00108 -0.00162 -0.00054 -0.00108 -0.00054 
1718654854193326            -0.00054 -0.00108 -0.00162 -0.00054 -0.00108 -0.00054 
1718654854206966            -0.00054 -0.00108 -0.00162 -0.00054 -0.00108 0 
1718654854219346                   0 0 0 0 0 0 
1718654854229016            -0.00054 0 0 -0.00054 -0.00108 0 
1718654854232896            -0.00054 -0.00108 -0.00162 -0.00054 -0.00108 -0.00054 
1718654854249886            -0.00054 -0.00108 -0.00162 -0.00054 -0.00108 -0.00054 
1718654854253416            -0.00054 -0.00108 -0.00162 -0.00054 -0.00108 -0.00054 
1718654854261266            -0.00054 -0.00108 -0.00162 -0.00054 -0.00108 -0.00054 
1718654854277606            -0.00054 -0.00108 -0.00162 -0.00054 -0.00108 -0.00054 
1718654854280896            -0.00054 -0.00108 -0.00162 -0.00054 -0.00108 -0.00054 
1718654854299276            -0.00054 -0.00108 -0.00162 -0.00054 -0.00108 -0.00054 
1718654854302086            -0.00054 -0.00108 -0.00162 -0.00054 -0.00108 -0.00054 
1718654854319576            -0.00054 -0.00108 -0.00162 -0.00054 -0.00108 -0.00054 
1718654854326486            -0.00054 -0.00108 -0.00162 -0.00054 -0.00108 -0.00054 
1718654854334026            -0.00054 -0.00108 -0.00162 -0.00054 -0.00108 -0.00054 
1718654854349626                   0 0 0 -1e-05 -0.00108 0 
1718654854353486                   0 0 0 0 0 0 
1718654854363276            -0.00054 -0.00108 0 -0.00054 0 0 
1718654854373916            -0.00054 -0.00108 -0.00162 -0.00054 -0.00108 -0.00054 
1718654854385686            -0.00054 -0.00108 -0.00162 -0.00054 -0.00108 -0.00054 
1718654854390256            -0.00054 -0.00108 -0.00162 0 -0.00108 -0.00054 
1718654854408246            -0.00054 -0.00108 -0.00162 -0.00054 -0.00108 -0.00054 
1718654854413856            -0.00054 -0.00108 -0.00162 -0.00054 -0.00108 -0.00054 
1718654854426726            -0.00054 -0.00108 -0.00162 -0.00054 -0.00108 -0.00054 
1718654854431496            -0.00054 -0.00108 -0.00162 -0.00054 -0.00108 -0.00054 
1718654854444876            -0.00054 -0.00108 -0.00162 -0.00054 -0.00108 -0.00054 
1718654854454256            -0.00054 -0.00108 -0.00162 -0.00054 -0.00108 -0.00054 
1718654854468116            -0.00054 -0.00108 -0.00162 -0.00054 -0.00108 -0.00054 
1718654854477056            -0.00054 -0.00108 -0.00162 -0.00054 -0.00108 -0.00054 
1718654854481466            -0.00054 -0.00108 -0.00162 -0.00054 -0.00108 -0.00054 
1718654854497496            -0.00054 -0.00108 -0.00162 -0.00054 -0.00108 -0.00054 
1718654854507096            -0.00054 1e-05 -0.00162 -0.00054 1e-05 -0.00054 
1718654854508696              -1e-05 0 -1e-05 4e-05 0 -1e-05 
1718654854525266            -0.00054 -0.00108 -0.00162 -0.00054 -0.00108 -0.00054 
1718654854531906            -0.00054 -0.00108 -0.00162 -0.00054 -0.00108 -0.00054 
1718654854538456            -0.00054 -0.00108 -0.00162 -0.00054 -0.00108 -0.00054 
1718654854555096            -0.00054 -0.00108 -0.00162 -0.00054 -0.00108 -0.00054 
1718654854567286            -0.00054 -0.00108 -0.00162 -0.00054 -0.00108 -0.00054 
1718654854576086            -0.00054 -0.00108 -0.00162 -0.00054 -0.00108 -0.00054 
1718654854578606            -0.00054 -0.00108 -0.00162 -0.00054 -0.00108 -0.00054 
1718654854591206            -0.00054 -0.00108 -0.00162 -0.00054 -0.00108 -0.00054 
1718654854607006            -0.00054 -0.00108 -0.00162 -0.00054 -0.00108 -0.00054 
1718654854611536            -0.00054 -0.00108 -0.00162 -0.00054 -0.00108 -0.00054 
1718654854625216            -0.00054 -0.00108 -0.00162 -0.00054 -0.00108 -0.00054 
1718654854635566            -0.00054 -0.00108 -0.00162 -0.00054 -0.00108 -0.00054 
1718654854646186            -0.00054 -0.00108 -0.00162 -0.00054 -0.00108 -0.00054 
1718654854648466            -0.00054 -0.00108 -0.00162 -0.00054 -0.00108 -0.00054 
1718654854660906            -0.00054 -0.00108 -0.00162 -0.00054 -0.00108 -0.00054 
1718654854671346            -0.00054 -0.00108 -0.00162 -0.00054 -0.00108 -0.00054 
1718654854679806            -0.00054 -0.00108 -0.00162 -0.00054 -0.00108 -0.00054 
1718654854689486            -0.00054 -0.00108 -0.00162 -0.00054 -0.00108 -0.00054 
1718654854701566            -0.00054 -0.00108 -0.00162 -0.00054 -0.00108 -0.00054 
1718654854712556            -0.00054 -0.00108 -0.00162 -0.00054 -0.00108 -0.00054 
1718654854719326            -0.00054 -0.00108 -0.00162 -0.00054 -0.00108 -0.00054 
1718654854731276            -0.00054 -0.00108 -0.00162 -0.00054 -0.00108 -0.00054 
1718654854745666            -0.00054 -0.00108 -0.00162 -0.00054 -0.00108 -0.00054 
1718654854755826            -0.00054 -0.00108 -0.00162 -0.00054 -0.00108 -0.00054 
1718654854761496            -0.00054 -0.00108 -0.00162 -0.00054 -0.00108 -0.00054 
1718654854774666            -0.00054 -0.00108 -0.00162 -0.00054 -0.00108 -0.00054 
1718654854778466            -0.00054 -0.00108 -0.00162 -0.00054 -0.00108 -0.00054 
1718654854787606            -0.00054 -0.00108 -0.00162 -0.00054 -0.00108 -0.00054 
1718654854805486            -0.00054 -0.00108 -0.00162 -0.00054 -0.00108 -0.00054 
1718654854808516            -0.00054 -0.00108 -0.00162 -0.00054 -0.00108 -0.00054 
1718654854824706            -0.00054 -0.00108 -0.00162 -0.00054 -0.00108 -0.00054 
1718654854832736            -0.00054 -0.00108 -0.00162 -0.00054 -0.00108 -0.00054 
1718654854838316            -0.00054 -0.00108 -0.00162 -0.00054 -0.00108 -0.00054 
1718654854855026            -0.00054 -0.00108 -0.00162 -0.00054 -0.00108 -0.00054 
1718654854857536            -0.00054 -0.00108 -0.00162 -0.00054 -0.00108 -0.00054 
1718654854874316            -0.00054 -0.00108 -0.00162 -0.00054 -0.00108 -0.00054 
1718654854875876            -0.00054 -0.00108 -0.00162 -0.00054 -0.00108 -0.00054 
1718654854892696            -0.00054 -0.00108 -0.00162 -0.00054 -0.00108 -0.00054 
1718654854897646            -0.00054 -0.00108 -0.00162 -0.00054 -0.00108 -0.00054 
1718654854920226            -0.00054 -0.00108 -0.00162 -0.00054 -0.00108 -0.00054 
1718654854933396            -0.00054 -0.00108 -0.00162 -0.00054 -0.00108 -0.00054 
1718654854939336            -0.00054 -0.00108 -0.00162 -0.00054 -0.00108 -0.00054 
1718654854951726            -0.00054 -0.00108 -0.00162 -0.00054 -0.00108 -0.00054 
