Timestamp (microseconds)      Peak Amplitude
1718654830779356                3145
1718654830781376                3311
1718654830799196                3145
1718654830816636                3436
1718654830820356                3020
1718654830835356                3603
1718654830845506                3519
1718654830857626                2561
1718654830860006                3311
1718654830869896                3394
1718654830884476                2936
1718654830897116                2895
1718654830904986                3311
1718654830909916                2728
1718654830927036                2728
1718654830932476                3644
1718654830939186                3270
1718654830950686                2978
1718654830959256                3936
1718654830973286                3020
1718654830984276                3020
1718654830991676                2978
1718654830999556                2686
1718654831022856                2728
1718654831039166                2645
1718654831052296                2728
1718654831058666                2645
1718654831069556                2978
1718654831086006                3769
1718654831097696                3020
1718654831117596                3020
1718654831132496                2728
1718654831148126                3145
1718654831157866                3978
1718654831176756                2811
1718654831176836                2936
1718654831203866                2686
1718654831206816                3020
1718654831223556                3145
1718654831237026                2728
1718654831265456                2853
1718654831266886                2811
1718654831293246                3228
1718654831296426                3853
1718654831318556                2936
1718654831334966                2811
1718654831336986                3186
1718654831358196                2520
1718654831372216                3394
1718654831382106                3020
1718654831393246                2561
1718654831397776                2561
1718654831408876                2686
1718654831426786                2853
1718654831451606                3186
1718654831461746                2811
1718654831479516                2770
1718654831499176                3311
1718654831505956                3311
1718654831523976                2936
1718654831526186                2645
1718654831536136                2603
1718654831545746                2686
1718654831573086                3311
1718654831574856                3561
1718654831586026                2895
1718654831595606                2770
1718654831613906                3478
1718654831637226                2645
1718654831647296                2811
1718654831660316                2686
1718654831663806                2853
1718654831691416                2603
1718654831706106                3228
1718654831725656                3145
1718654831741516                3228
1718654831744696                4103
1718654831760706                2603
1718654831774396                2853
1718654831817376                3020
1718654831822616                2645
1718654831841506                2686
1718654831853856                2770
1718654831870036                2978
1718654831875776                2770
1718654831887516                2728
1718654831891166                3394
1718654831959026                3103
1718654831962926                2645
1718654831979776                2603
1718654831983476                2936
1718654831995296                2728
1718654832008886                2561
1718654832013226                2686
1718654832024286                3478
1718654832058486                2561
1718654832067986                3103
1718654832070206                3186
1718654832094426                2603
1718654832101626                2853
1718654832116296                2603
1718654832122156                2645
1718654832135256                3061
1718654832144556                3061
1718654832161856                2811
1718654832206586                2770
1718654832210686                3270
1718654832232206                2520
1718654832255026                2728
1718654832259576                2603
1718654832273976                3394
1718654832282276                2561
1718654832288856                2895
1718654832298806                2686
1718654832321166                2561
1718654832335676                3103
1718654832369886                3394
1718654832387366                3020
1718654832407366                2603
1718654832420596                2936
1718654832433886                2978
1718654832453756                2770
1718654832457146                2561
1718654832484216                2561
1718654832495636                2770
1718654832539626                2895
1718654832547676                3061
1718654832581466                3145
1718654832598966                2561
1718654832616546                2520
1718654832630366                2603
1718654832636746                3020
1718654832648106                2686
1718654832664766               16018
1718654832666656               21643
1718654832677666                3686
1718654832693476                8894
1718654832695966                5853
1718654832724726                2645
1718654832740976                2520
1718654832749876                2561
1718654832759826                2686
1718654832778236                3061
1718654832784166                3394
1718654832803086                2978
1718654832805156                2770
1718654832820636                2645
1718654832835736                2645
1718654832850396                2561
1718654832859956                2686
1718654832871386                2561
1718654832878856                2728
1718654832892956                2978
1718654832892976                2978
1718654832907546                2603
1718654832935806                3228
1718654832948456                2770
1718654832957596                2686
1718654832968736                2770
1718654832977646                2645
1718654832992876                2978
1718654833003946                2561
1718654833044206                2561
1718654833059776                3186
1718654833072006                2520
1718654833087276                3145
1718654833123986                2561
1718654833138016                3311
1718654833146146                2561
1718654833181136                2603
1718654833204416                2936
1718654833230836                2895
1718654833259276                3728
1718654833261036                2686
1718654833293406                2520
1718654833337946                3103
1718654833342056                3103
1718654833356116                2978
1718654833361076                2603
1718654833388096                3561
1718654833391866                3020
1718654833407056                3853
1718654833409906                2520
1718654833434846                2645
1718654833445106                2603
1718654833448626                2603
1718654833474266                2978
1718654833481036                2520
1718654833509636                2770
1718654833523306                4019
1718654833527926                2603
1718654833545566                2728
1718654833568976                2686
1718654833577876                2770
1718654833590336                2645
1718654833633896                2686
1718654833649116                2728
1718654833656976                2978
1718654833712696                2561
1718654833767216                2978
1718654833779656                3353
1718654833801356                2561
1718654833811386                2770
1718654833827916                2853
1718654833865026                2603
1718654833873446                2770
1718654833882866                2770
1718654833885686                3145
1718654833900886                2895
1718654833956556                2936
1718654833965186                2728
1718654833976326                2853
1718654833995896                3103
1718654834012996                2728
1718654834014046                2770
1718654834035036                2770
1718654834052096                3769
1718654834053696                2811
1718654834070406                2603
1718654834087926                2853
1718654834108226                2645
1718654834132516                2770
1718654834133186                2978
1718654834153726                2728
1718654834167206                3394
1718654834178366                2811
1718654834192256                4019
1718654834194606                4936
1718654834208246                7852
1718654834220626                4936
1718654834230296                6936
1718654834234176                4728
1718654834251166                7852
1718654834254696                8394
1718654834262546                4436
1718654834278886                5228
1718654834282176                5561
1718654834300556                6478
1718654834303366                9519
1718654834320856                5311
1718654834327766               10935
1718654834335306               10977
1718654834350906               12769
1718654834354766               19643
1718654834364556                8769
1718654834375196                7727
1718654834386966                9227
1718654834391536                6519
1718654834409526                9227
1718654834415136                7061
1718654834428006                7769
1718654834432776               10477
1718654834446156                7352
1718654834455536                6228
1718654834469396                6061
1718654834478336                6561
1718654834482746                7936
1718654834498776                7519
1718654834508376               18435
1718654834509976               16102
1718654834526546                9144
1718654834533186               10144
1718654834539736                6894
1718654834556376                5269
1718654834568566                4603
1718654834577366                7186
1718654834579886                4728
1718654834592486                5103
1718654834608286                4436
1718654834612816                4061
1718654834626496                4228
1718654834636846                3853
1718654834647466                3769
1718654834649746                4228
1718654834662186                2686
1718654834672626                3644
1718654834681086                3936
1718654834690766                3311
1718654834702846                3311
1718654834713836                2811
1718654834720606                3145
1718654834732556                3270
1718654834746946                3145
1718654834757106                3478
1718654834762776                3394
1718654834775946                2645
1718654834779746                2686
1718654834788886                3853
1718654834806766                2645
1718654834809796                2811
1718654834825986                2728
1718654834834016                3686
1718654834839596                2811
1718654834856306                2686
1718654834858816                2645
1718654834875596                3353
1718654834877156                2770
1718654834893976                2645
1718654834898926                3353
1718654834921506                2561
1718654834934676                2936
1718654834940616                3228
1718654834953006                2936
1718654834959736                2520
1718654834978576                3519
1718654834992736                3061
1718654834997336                2561
1718654835011596                3311
1718654835019236                2561
1718654835045106               26434
1718654835045696               24767
1718654835060696                5228
1718654835072156                9102
1718654835076176                4603
1718654835104156                2811
1718654835112146                2853
1718654835128396                2895
1718654835140366                2811
1718654835152896                3103
1718654835155776                3436
1718654835182036                3145
1718654835188746                2520
1718654835218766                3061
1718654835233656                2686
1718654835273866                2520
1718654835289936                2978
1718654835322436                3061
1718654835324876                2811
1718654835343526                2770
1718654835354156                3353
1718654835374086                2811
1718654835392176                2728
1718654835397656                3145
1718654835417446                2895
1718654835438756                3020
1718654835463706                3394
1718654835478106                2853
1718654835487496                2603
1718654835501846                2686
1718654835503906                3020
1718654835518886                2936
1718654835530316                2645
1718654835560596                2561
1718654835564216                2520
1718654835582226                2811
1718654835600516                3436
1718654835622006                2561
1718654835637346                2936
1718654835653016                2770
1718654835675116                2728
1718654835694966                3853
1718654835709286                3228
1718654835713626                3145
1718654835728636                3228
1718654835730676                3644
1718654835754166                2811
1718654835767456                2520
1718654835779456                2853
1718654835797576                2895
1718654835802036                2811
1718654835826356                2895
1718654835833346                3353
1718654835846816                3519
1718654835856196                2770
1718654835864646                3936
1718654835875666                3311
1718654835878946                3478
1718654835898096                3394
1718654835902476                3020
1718654835912926                3603
1718654835926606                4186
1718654835932846                3061
1718654835942996                3519
1718654835955916                2770
1718654835965186                3436
1718654835969966                3270
1718654835993746                3061
1718654836007756                3145
1718654836010966                4436
1718654836018346                3603
1718654836031256                4103
1718654836051066                3936
1718654836060036                3936
1718654836069316                3728
1718654836077876                3436
1718654836094886                4311
1718654836101986                4103
1718654836115096                2853
1718654836117396                3061
1718654836130916                3311
1718654836136866                3228
1718654836154396                3394
1718654836159216                2936
1718654836171796                3145
1718654836177676                3478
1718654836187876                3103
1718654836203656                2936
1718654836206546                2603
1718654836223396                2770
1718654836229356                3894
1718654836238176                3436
1718654836250686                3020
1718654836259976                3353
1718654836282066                3519
1718654836288706                3061
1718654836304806                3394
1718654836309136                3311
1718654836318706                2728
1718654836326376                2811
1718654836343506                3811
1718654836350146                2978
1718654836362086                3103
1718654836371546                4228
1718654836376186                2561
1718654836386406                3978
1718654836404256                2978
1718654836407266                2645
1718654836420686                2770
1718654836429666                3061
1718654836442756                3145
1718654836445646                2978
1718654836463966                3978
1718654836464196                3186
1718654836482716                2853
1718654836484036                2770
1718654836499956                2978
1718654836505846                3478
1718654836529566                2811
1718654836543196                3061
1718654836544116                2853
1718654836560036                2895
1718654836574756                2936
1718654836585566                3020
1718654836597926                3311
1718654836606106                3145
1718654836620456                3270
1718654836625616                3478
1718654836634916                3061
1718654836652156                2603
1718654836659046                3103
1718654836664796                2978
1718654836679196                3270
1718654836685466                3228
1718654836701896                2520
1718654836704726                2895
1718654836719696                3519
1718654836731896                2853
1718654836740536                3145
1718654836750026                3686
1718654836752116                2936
1718654836767056                2728
1718654836772166                3311
1718654836784846                3270
1718654836797646                2603
