Timestamp (microseconds)      Peak Amplitude
1718654830779356            -0.00066 -0.00132 -0.00198 -0.00066 -0.00132 -0.00066 
1718654830781376            -0.00066 -0.00132 -0.00198 -0.00066 -0.00132 -0.00066 
1718654830799196            -0.00066 -0.00132 -0.00198 -0.00066 -0.00132 -0.00066 
1718654830816636            -0.00066 -0.00132 -0.00198 -0.00066 -0.00132 -0.00066 
1718654830820356            -0.00066 -0.00132 -0.00198 -0.00066 -0.00132 -0.00066 
1718654830835356            -0.00066 -0.00132 -0.00198 -0.00066 -0.00132 -0.00066 
1718654830845506            -0.00066 -0.00132 -0.00198 -0.00066 -0.00132 -0.00066 
1718654830857626            -0.00066 -0.00132 -0.00198 -0.00066 -0.00132 -0.00066 
1718654830860006            -0.00066 -0.00132 -0.00198 -0.00066 -0.00132 -0.00066 
1718654830869896            -0.00066 -0.00132 -0.00198 -0.00066 -0.00132 -0.00066 
1718654830884476            -0.00066 -0.00132 -0.00198 -0.00066 -0.00132 -0.00066 
1718654830897116            -0.00066 -0.00132 -0.00198 -0.00066 -0.00132 -0.00066 
1718654830904986            -0.00066 -0.00132 -0.00198 -0.00066 -0.00132 -0.00066 
1718654830909916            -0.00066 -0.00132 -0.00198 -0.00066 -0.00132 -0.00066 
1718654830927036            -0.00066 -0.00132 -0.00198 -0.00066 -0.00132 -0.00066 
1718654830932476            -0.00066 -0.00132 -0.00198 -0.00066 -0.00132 -0.00066 
1718654830939186            -0.00066 -0.00132 -0.00198 -0.00066 -0.00132 -0.00066 
1718654830950686            -0.00066 -0.00132 -0.00198 -0.00066 -0.00132 -0.00066 
1718654830959256            -0.00066 -0.00132 -0.00198 -0.00066 -0.00132 -0.00066 
1718654830973286            -0.00066 -0.00132 -0.00198 -0.00066 -0.00132 -0.00066 
1718654830984276            -0.00066 -0.00132 -0.00198 -0.00066 -0.00132 -0.00066 
1718654830991676            -0.00066 -0.00132 -0.00198 -0.00066 -0.00132 -0.00066 
1718654830999556            -0.00066 -0.00132 -0.00198 -0.00066 -0.00132 -0.00066 
1718654831022856            -0.00066 -0.00132 -0.00198 -0.00066 -0.00132 -0.00066 
1718654831039166            -0.00066 -0.00132 -0.00198 -0.00066 -0.00132 -0.00066 
1718654831052296            -0.00066 -0.00132 -0.00198 -0.00066 -0.00132 -0.00066 
1718654831058666            -0.00066 -0.00132 -0.00198 -0.00066 -0.00132 -0.00066 
1718654831069556            -0.00066 -0.00132 -0.00198 -0.00066 -0.00132 -0.00066 
1718654831086006            -0.00066 -0.00132 -0.00198 -0.00066 -0.00132 -0.00066 
1718654831097696            -0.00066 -0.00132 -0.00198 -0.00066 -0.00132 -0.00066 
1718654831117596            -0.00066 -0.00132 -0.00198 -0.00066 -0.00132 -0.00066 
1718654831132496            -0.00066 -0.00132 -0.00198 -0.00066 -0.00132 -0.00066 
1718654831148126            -0.00066 -0.00132 -0.00198 -0.00066 -0.00132 -0.00066 
1718654831157866            -0.00066 -0.00132 -0.00198 -0.00066 -0.00132 -0.00066 
1718654831176756            -0.00066 -0.00132 -0.00198 -0.00066 -0.00132 -0.00066 
1718654831176836            -0.00066 -0.00132 -0.00198 -0.00066 -0.00132 -0.00066 
1718654831203866            -0.00066 -0.00132 -0.00198 -0.00066 -0.00132 -0.00066 
1718654831206816            -0.00066 -0.00132 -0.00198 -0.00066 -0.00132 -0.00066 
1718654831223556            -0.00066 -0.00132 -0.00198 -0.00066 -0.00132 -0.00066 
1718654831237026            -0.00066 -0.00132 -0.00198 -0.00066 -0.00132 -0.00066 
1718654831265456            -0.00066 -0.00132 -0.00198 -0.00066 -0.00132 -0.00066 
1718654831266886            -0.00066 -0.00132 -0.00198 -0.00066 -0.00132 -0.00066 
1718654831293246            -0.00066 -0.00132 -0.00198 -0.00066 -0.00132 -0.00066 
1718654831296426            -0.00066 -0.00132 -0.00198 -0.00066 -0.00132 -0.00066 
1718654831318556            -0.00066 -0.00132 -0.00198 -0.00066 -0.00132 -0.00066 
1718654831334966            -0.00066 -0.00132 -0.00198 -0.00066 -0.00132 -0.00066 
1718654831336986            -0.00066 -0.00132 -0.00198 -0.00066 -0.00132 -0.00066 
1718654831358196            -0.00066 -0.00132 -0.00198 -0.00066 -0.00132 -0.00066 
1718654831372216            -0.00066 -0.00132 -0.00198 -0.00066 -0.00132 -0.00066 
1718654831382106            -0.00066 -0.00132 -0.00198 -0.00066 -0.00132 -0.00066 
1718654831393246            -0.00066 -0.00132 -0.00198 -0.00066 -0.00132 -0.00066 
1718654831397776            -0.00066 -0.00132 -0.00198 -0.00066 -0.00132 -0.00066 
1718654831408876            -0.00066 -0.00132 -0.00198 -0.00066 -0.00132 -0.00066 
1718654831426786            -0.00066 -0.00132 -0.00198 -0.00066 -0.00132 -0.00066 
1718654831451606            -0.00066 -0.00132 -0.00198 -0.00066 -0.00132 -0.00066 
1718654831461746            -0.00066 -0.00132 -0.00198 -0.00066 -0.00132 -0.00066 
1718654831479516            -0.00066 -0.00132 -0.00198 -0.00066 -0.00132 -0.00066 
1718654831499176            -0.00066 -0.00132 -0.00198 -0.00066 -0.00132 -0.00066 
1718654831505956            -0.00066 -0.00132 -0.00198 -0.00066 -0.00132 -0.00066 
1718654831523976            -0.00066 -0.00132 -0.00198 -0.00066 -0.00132 -0.00066 
1718654831526186            -0.00066 -0.00132 -0.00198 -0.00066 -0.00132 -0.00066 
1718654831536136            -0.00066 -0.00132 -0.00198 -0.00066 -0.00132 -0.00066 
1718654831545746            -0.00066 -0.00132 -0.00198 -0.00066 -0.00132 -0.00066 
1718654831573086            -0.00066 -0.00132 -0.00198 -0.00066 -0.00132 -0.00066 
1718654831574856            -0.00066 -0.00132 -0.00198 -0.00066 -0.00132 -0.00066 
1718654831586026            -0.00066 -0.00132 -0.00198 -0.00066 -0.00132 -0.00066 
1718654831595606            -0.00066 -0.00132 -0.00198 -0.00066 -0.00132 -0.00066 
1718654831613906            -0.00066 -0.00132 -0.00198 -0.00066 -0.00132 -0.00066 
1718654831637226            -0.00066 -0.00132 -0.00198 -0.00066 -0.00132 -0.00066 
1718654831647296            -0.00066 -0.00132 -0.00198 -0.00066 -0.00132 -0.00066 
1718654831660316            -0.00066 -0.00132 -0.00198 -0.00066 -0.00132 -0.00066 
1718654831663806            -0.00066 -0.00132 -0.00198 -0.00066 -0.00132 -0.00066 
1718654831691416            -0.00066 -0.00132 -0.00198 -0.00066 -0.00132 -0.00066 
1718654831706106            -0.00066 -0.00132 -0.00198 -0.00066 -0.00132 -0.00066 
1718654831725656            -0.00066 -0.00132 -0.00198 -0.00066 -0.00132 -0.00066 
1718654831741516            -0.00066 -0.00132 -0.00198 -0.00066 -0.00132 -0.00066 
1718654831744696            -0.00066 -0.00132 -0.00198 -0.00066 -0.00132 -0.00066 
1718654831760706            -0.00066 -0.00132 -0.00198 -0.00066 -0.00132 -0.00066 
1718654831774396            -0.00066 -0.00132 -0.00198 -0.00066 -0.00132 -0.00066 
1718654831817376            -0.00066 -0.00132 -0.00198 -0.00066 -0.00132 -0.00066 
1718654831822616            -0.00066 -0.00132 -0.00198 -0.00066 -0.00132 -0.00066 
1718654831841506            -0.00066 -0.00132 -0.00198 -0.00066 -0.00132 -0.00066 
1718654831853856            -0.00066 -0.00132 -0.00198 -0.00066 -0.00132 -0.00066 
1718654831870036            -0.00066 -0.00132 -0.00198 -0.00066 -0.00132 -0.00066 
1718654831875776            -0.00066 -0.00132 -0.00198 -0.00066 -0.00132 -0.00066 
1718654831887516            -0.00066 -0.00132 -0.00198 -0.00066 -0.00132 -0.00066 
1718654831891166            -0.00066 -0.00132 -0.00198 -0.00066 -0.00132 -0.00066 
1718654831959026            -0.00066 -0.00132 -0.00198 -0.00066 -0.00132 -0.00066 
1718654831962926            -0.00066 -0.00132 -0.00198 -0.00066 -0.00132 -0.00066 
1718654831979776            -0.00066 -0.00132 -0.00198 -0.00066 -0.00132 -0.00066 
1718654831983476            -0.00066 -0.00132 -0.00198 -0.00066 -0.00132 -0.00066 
1718654831995296            -0.00066 -0.00132 -0.00198 -0.00066 -0.00132 -0.00066 
1718654832008886            -0.00066 -0.00132 -0.00198 -0.00066 -0.00132 -0.00066 
1718654832013226            -0.00066 -0.00132 -0.00198 -0.00066 -0.00132 -0.00066 
1718654832024286            -0.00066 -0.00132 -0.00198 -0.00066 -0.00132 -0.00066 
1718654832058486            -0.00066 -0.00132 -0.00198 -0.00066 -0.00132 -0.00066 
1718654832067986            -0.00066 -0.00132 -0.00198 -0.00066 -0.00132 -0.00066 
1718654832070206            -0.00066 -0.00132 -0.00198 -0.00066 -0.00132 -0.00066 
1718654832094426            -0.00066 -0.00132 -0.00198 -0.00066 -0.00132 -0.00066 
1718654832101626            -0.00066 -0.00132 -0.00198 -0.00066 -0.00132 -0.00066 
1718654832116296            -0.00066 -0.00132 -0.00198 -0.00066 -0.00132 -0.00066 
1718654832122156            -0.00066 -0.00132 -0.00198 -0.00066 -0.00132 -0.00066 
1718654832135256            -0.00066 -0.00132 -0.00198 -0.00066 -0.00132 -0.00066 
1718654832144556            -0.00066 -0.00132 -0.00198 -0.00066 -0.00132 -0.00066 
1718654832161856            -0.00066 -0.00132 -0.00198 -0.00066 -0.00132 -0.00066 
1718654832206586            -0.00066 -0.00132 -0.00198 -0.00066 -0.00132 -0.00066 
1718654832210686            -0.00066 -0.00132 -0.00198 -0.00066 -0.00132 -0.00066 
1718654832232206            -0.00066 -0.00132 -0.00198 -0.00066 -0.00132 -0.00066 
1718654832255026            -0.00066 -0.00132 -0.00198 -0.00066 -0.00132 -0.00066 
1718654832259576            -0.00066 -0.00132 -0.00198 -0.00066 -0.00132 -0.00066 
1718654832273976            -0.00066 -0.00132 -0.00198 -0.00066 -0.00132 -0.00066 
1718654832282276            -0.00066 -0.00132 -0.00198 -0.00066 -0.00132 -0.00066 
1718654832288856            -0.00066 -0.00132 -0.00198 -0.00066 -0.00132 -0.00066 
1718654832298806            -0.00066 -0.00132 -0.00198 -0.00066 -0.00132 -0.00066 
1718654832321166            -0.00066 -0.00132 -0.00198 -0.00066 -0.00132 -0.00066 
1718654832335676            -0.00066 -0.00132 -0.00198 -0.00066 -0.00132 -0.00066 
1718654832369886            -0.00066 -0.00132 -0.00198 -0.00066 -0.00132 -0.00066 
1718654832387366            -0.00066 -0.00132 -0.00198 -0.00066 -0.00132 -0.00066 
1718654832407366            -0.00066 -0.00132 -0.00198 -0.00066 -0.00132 -0.00066 
1718654832420596            -0.00066 -0.00132 -0.00198 -0.00066 -0.00132 -0.00066 
1718654832433886            -0.00066 -0.00132 -0.00198 -0.00066 -0.00132 -0.00066 
1718654832453756            -0.00066 -0.00132 -0.00198 -0.00066 -0.00132 -0.00066 
1718654832457146            -0.00066 -0.00132 -0.00198 -0.00066 -0.00132 -0.00066 
1718654832484216            -0.00066 -0.00132 -0.00198 -0.00066 -0.00132 -0.00066 
1718654832495636            -0.00066 -0.00132 -0.00198 -0.00066 -0.00132 -0.00066 
1718654832539626            -0.00066 -0.00132 -0.00198 -0.00066 -0.00132 -0.00066 
1718654832547676            -0.00066 -0.00132 -0.00198 -0.00066 -0.00132 -0.00066 
1718654832581466            -0.00066 -0.00132 -0.00198 -0.00066 -0.00132 -0.00066 
1718654832598966            -0.00066 -0.00132 -0.00198 -0.00066 -0.00132 -0.00066 
1718654832616546            -0.00066 -0.00132 -0.00198 -0.00066 -0.00132 -0.00066 
1718654832630366            -0.00066 -0.00132 -0.00198 -0.00066 -0.00132 -0.00066 
1718654832636746            -0.00066 -0.00132 -0.00198 -0.00066 -0.00132 -0.00066 
1718654832648106            -0.00066 -0.00132 -0.00198 -0.00066 -0.00132 -0.00066 
1718654832664766            -0.00066 -0.00132 -0.00198 -0.00066 -0.00132 -0.00066 
1718654832666656            -0.00066 -0.00132 -0.00198 -0.00066 -0.00132 -0.00066 
1718654832677666            -0.00066 -0.00132 -0.00198 -0.00066 -0.00132 -0.00066 
1718654832693476            -0.00066 -0.00132 -0.00198 -0.00066 -0.00132 -0.00066 
1718654832695966            -0.00066 -0.00132 -0.00198 -0.00066 -0.00132 -0.00066 
1718654832724726            -0.00066 -0.00132 -0.00198 -0.00066 -0.00132 -0.00066 
1718654832740976            -0.00066 -0.00132 -0.00198 -0.00066 -0.00132 -0.00066 
1718654832749876            -0.00066 -0.00132 -0.00198 -0.00066 -0.00132 -0.00066 
1718654832759826            -0.00066 -0.00132 -0.00198 -0.00066 -0.00132 -0.00066 
1718654832778236            -0.00066 -0.00132 -0.00198 -0.00066 -0.00132 -0.00066 
1718654832784166            -0.00066 -0.00132 -0.00198 -0.00066 -0.00132 -0.00066 
1718654832803086            -0.00066 -0.00132 -0.00198 -0.00066 -0.00132 -0.00066 
1718654832805156            -0.00066 -0.00132 -0.00198 -0.00066 -0.00132 -0.00066 
1718654832820636            -0.00066 -0.00132 -0.00198 -0.00066 -0.00132 -0.00066 
1718654832835736            -0.00066 -0.00132 -0.00198 -0.00066 -0.00132 -0.00066 
1718654832850396            -0.00066 -0.00132 -0.00198 -0.00066 -0.00132 -0.00066 
1718654832859956            -0.00066 -0.00132 -0.00198 -0.00066 -0.00132 -0.00066 
1718654832871386            -0.00066 -0.00132 -0.00198 -0.00066 -0.00132 -0.00066 
1718654832878856            -0.00066 -0.00132 -0.00198 -0.00066 -0.00132 -0.00066 
1718654832892956            -0.00066 -0.00132 -0.00198 -0.00066 -0.00132 -0.00066 
1718654832892976            -0.00066 -0.00132 -0.00198 -0.00066 -0.00132 -0.00066 
1718654832907546            -0.00066 -0.00132 -0.00198 -0.00066 -0.00132 -0.00066 
1718654832935806            -0.00066 -0.00132 -0.00198 -0.00066 -0.00132 -0.00066 
1718654832948456            -0.00066 -0.00132 -0.00198 -0.00066 -0.00132 -0.00066 
1718654832957596            -0.00066 -0.00132 -0.00198 -0.00066 -0.00132 -0.00066 
1718654832968736            -0.00066 -0.00132 -0.00198 -0.00066 -0.00132 -0.00066 
1718654832977646            -0.00066 -0.00132 -0.00198 -0.00066 -0.00132 -0.00066 
1718654832992876            -0.00066 -0.00132 -0.00198 -0.00066 -0.00132 -0.00066 
1718654833003946            -0.00066 -0.00132 -0.00198 -0.00066 -0.00132 -0.00066 
1718654833044206            -0.00066 -0.00132 -0.00198 -0.00066 -0.00132 -0.00066 
1718654833059776            -0.00066 -0.00132 -0.00198 -0.00066 -0.00132 -0.00066 
1718654833072006            -0.00066 -0.00132 -0.00198 -0.00066 -0.00132 -0.00066 
1718654833087276            -0.00066 -0.00132 -0.00198 -0.00066 -0.00132 -0.00066 
1718654833123986            -0.00066 -0.00132 -0.00198 -0.00066 -0.00132 -0.00066 
1718654833138016            -0.00066 -0.00132 -0.00198 -0.00066 -0.00132 -0.00066 
1718654833146146            -0.00066 -0.00132 -0.00198 -0.00066 -0.00132 -0.00066 
1718654833181136            -0.00066 -0.00132 -0.00198 -0.00066 -0.00132 -0.00066 
1718654833204416            -0.00066 -0.00132 -0.00198 -0.00066 -0.00132 -0.00066 
1718654833230836            -0.00066 -0.00132 -0.00198 -0.00066 -0.00132 -0.00066 
1718654833259276            -0.00066 -0.00132 -0.00198 -0.00066 -0.00132 -0.00066 
1718654833261036            -0.00066 -0.00132 -0.00198 -0.00066 -0.00132 -0.00066 
1718654833293406            -0.00066 -0.00132 -0.00198 -0.00066 -0.00132 -0.00066 
1718654833337946            -0.00066 -0.00132 -0.00198 -0.00066 -0.00132 -0.00066 
1718654833342056            -0.00066 -0.00132 -0.00198 -0.00066 -0.00132 -0.00066 
1718654833356116            -0.00066 -0.00132 -0.00198 -0.00066 -0.00132 -0.00066 
1718654833361076            -0.00066 -0.00132 -0.00198 -0.00066 -0.00132 -0.00066 
1718654833388096            -0.00066 -0.00132 -0.00198 -0.00066 -0.00132 -0.00066 
1718654833391866            -0.00066 -0.00132 -0.00198 -0.00066 -0.00132 -0.00066 
1718654833407056            -0.00066 -0.00132 -0.00198 -0.00066 -0.00132 -0.00066 
1718654833409906            -0.00066 -0.00132 -0.00198 -0.00066 -0.00132 -0.00066 
1718654833434846            -0.00066 -0.00132 -0.00198 -0.00066 -0.00132 -0.00066 
1718654833445106            -0.00066 -0.00132 -0.00198 -0.00066 -0.00132 -0.00066 
1718654833448626            -0.00066 -0.00132 -0.00198 -0.00066 -0.00132 -0.00066 
1718654833474266            -0.00066 -0.00132 -0.00198 -0.00066 -0.00132 -0.00066 
1718654833481036            -0.00066 -0.00132 -0.00198 -0.00066 -0.00132 -0.00066 
1718654833509636            -0.00066 -0.00132 -0.00198 -0.00066 -0.00132 -0.00066 
1718654833523306            -0.00066 -0.00132 -0.00198 -0.00066 -0.00132 -0.00066 
1718654833527926            -0.00066 -0.00132 -0.00198 -0.00066 -0.00132 -0.00066 
1718654833545566            -0.00066 -0.00132 -0.00198 -0.00066 -0.00132 -0.00066 
1718654833568976            -0.00066 -0.00132 -0.00198 -0.00066 -0.00132 -0.00066 
1718654833577876            -0.00066 -0.00132 -0.00198 -0.00066 -0.00132 -0.00066 
1718654833590336            -0.00066 -0.00132 -0.00198 -0.00066 -0.00132 -0.00066 
1718654833633896            -0.00066 -0.00132 -0.00198 -0.00066 -0.00132 -0.00066 
1718654833649116            -0.00066 -0.00132 -0.00198 -0.00066 -0.00132 -0.00066 
1718654833656976            -0.00066 -0.00132 -0.00198 -0.00066 -0.00132 -0.00066 
1718654833712696            -0.00066 -0.00132 -0.00198 -0.00066 -0.00132 -0.00066 
1718654833767216            -0.00066 -0.00132 -0.00198 -0.00066 -0.00132 -0.00066 
1718654833779656            -0.00066 -0.00132 -0.00198 -0.00066 -0.00132 -0.00066 
1718654833801356            -0.00066 -0.00132 -0.00198 -0.00066 -0.00132 -0.00066 
1718654833811386            -0.00066 -0.00132 -0.00198 -0.00066 -0.00132 -0.00066 
1718654833827916            -0.00066 -0.00132 -0.00198 -0.00066 -0.00132 -0.00066 
1718654833865026            -0.00066 -0.00132 -0.00198 -0.00066 -0.00132 -0.00066 
1718654833873446            -0.00066 -0.00132 -0.00198 -0.00066 -0.00132 -0.00066 
1718654833882866            -0.00066 -0.00132 -0.00198 -0.00066 -0.00132 -0.00066 
1718654833885686            -0.00066 -0.00132 -0.00198 -0.00066 -0.00132 -0.00066 
1718654833900886            -0.00066 -0.00132 -0.00198 -0.00066 -0.00132 -0.00066 
1718654833956556            -0.00066 -0.00132 -0.00198 -0.00066 -0.00132 -0.00066 
1718654833965186            -0.00066 -0.00132 -0.00198 -0.00066 -0.00132 -0.00066 
1718654833976326            -0.00066 -0.00132 -0.00198 -0.00066 -0.00132 -0.00066 
1718654833995896            -0.00066 -0.00132 -0.00198 -0.00066 -0.00132 -0.00066 
1718654834012996            -0.00066 -0.00132 -0.00198 -0.00066 -0.00132 -0.00066 
1718654834014046            -0.00066 -0.00132 -0.00198 -0.00066 -0.00132 -0.00066 
1718654834035036            -0.00066 -0.00132 -0.00198 -0.00066 -0.00132 -0.00066 
1718654834052096            -0.00066 -0.00132 -0.00198 -0.00066 -0.00132 -0.00066 
1718654834053696            -0.00066 -0.00132 -0.00198 -0.00066 -0.00132 -0.00066 
1718654834070406            -0.00066 -0.00132 -0.00198 -0.00066 -0.00132 -0.00066 
1718654834087926            -0.00066 -0.00132 -0.00198 -0.00066 -0.00132 -0.00066 
1718654834108226            -0.00066 -0.00132 -0.00198 -0.00066 -0.00132 -0.00066 
1718654834132516            -0.00066 -0.00132 -0.00198 -0.00066 -0.00132 -0.00066 
1718654834133186            -0.00066 -0.00132 -0.00198 -0.00066 -0.00132 -0.00066 
1718654834153726            -0.00066 -0.00132 -0.00198 -0.00066 -0.00132 -0.00066 
1718654834167206            -0.00066 -0.00132 -0.00198 -0.00066 -0.00132 -0.00066 
1718654834178366            -0.00066 -0.00132 -0.00198 -0.00066 -0.00132 -0.00066 
1718654834192256            -0.00066 -0.00132 -0.00198 -0.00066 -0.00132 -0.00066 
1718654834194606            -0.00066 -0.00132 -0.00198 -0.00066 -0.00132 -0.00066 
1718654834208246            -0.00066 -0.00132 -0.00198 -0.00066 -0.00132 -0.00066 
1718654834220626            -0.00066 -0.00132 -0.00198 -0.00066 -0.00132 -0.00066 
1718654834230296            -0.00066 -0.00132 -0.00198 -0.00066 -0.00132 -0.00066 
1718654834234176            -0.00066 -0.00132 -0.00198 -0.00066 -0.00132 -0.00066 
1718654834251166            -0.00066 -0.00132 -0.00198 -0.00066 -0.00132 -0.00066 
1718654834254696            -0.00066 -0.00132 -0.00198 -0.00066 -0.00132 -0.00066 
1718654834262546            -0.00066 -0.00132 -0.00198 -0.00066 -0.00132 -0.00066 
1718654834278886            -0.00066 -0.00132 -0.00198 -0.00066 -0.00132 -0.00066 
1718654834282176            -0.00066 -0.00132 -0.00198 -0.00066 -0.00132 -0.00066 
1718654834300556            -0.00066 -0.00132 -0.00198 -0.00066 -0.00132 -0.00066 
1718654834303366            -0.00066 -0.00132 -0.00198 -0.00066 -0.00132 -0.00066 
1718654834320856            -0.00066 -0.00132 -0.00198 -0.00066 -0.00132 -0.00066 
1718654834327766            -0.00066 -0.00132 -0.00198 -0.00066 -0.00132 -0.00066 
1718654834335306            -0.00066 -1e-05 0 -0.00066 -0.00132 -0.00066 
1718654834350906            -0.00066 -0.00132 0 -0.00066 -0.00132 -0.00066 
1718654834354766            -0.00066 -0.00132 0 0.00015 2e-05 0.00015 
1718654834364556            -0.00066 -0.00132 0 -0.00066 -0.00132 -0.00066 
1718654834375196            -0.00066 -0.00132 -0.00198 -0.00066 -0.00132 -0.00066 
1718654834386966            -0.00066 -0.00132 -0.00198 -0.00066 -0.00132 1e-05 
1718654834391536            -0.00066 -0.00132 -0.00198 -0.00066 -0.00132 -0.00066 
1718654834409526            -0.00066 -0.00132 -0.00198 -0.00066 -0.00132 -0.00066 
1718654834415136            -0.00066 -0.00132 -0.00198 -0.00066 -0.00132 -0.00066 
1718654834428006            -0.00066 -0.00132 -0.00198 -0.00066 -0.00132 -0.00066 
1718654834432776            -0.00066 -0.00132 -0.00198 -0.00066 -0.00132 -0.00066 
1718654834446156            -0.00066 -0.00132 -0.00198 -0.00066 -0.00132 -0.00066 
1718654834455536            -0.00066 -0.00132 -0.00198 -0.00066 -0.00132 -0.00066 
1718654834469396            -0.00066 -0.00132 -0.00198 -0.00066 -0.00132 -0.00066 
1718654834478336            -0.00066 -0.00132 -0.00198 -0.00066 -0.00132 -0.00066 
1718654834482746            -0.00066 -0.00132 -0.00198 -0.00066 -0.00132 -0.00066 
1718654834498776            -0.00066 -0.00132 -0.00198 -0.00066 -0.00132 -0.00066 
1718654834508376               1e-05 1e-05 -0.00198 1e-05 -0.00132 0 
1718654834509976                   0 -0.00132 -0.00198 0 1e-05 1e-05 
1718654834526546            -0.00066 -0.00132 -0.00198 -0.00066 -0.00132 -0.00066 
1718654834533186            -0.00066 -0.00132 -0.00198 -0.00066 -0.00132 -0.00066 
1718654834539736            -0.00066 -0.00132 -0.00198 -0.00066 -0.00132 -0.00066 
1718654834556376            -0.00066 -0.00132 -0.00198 -0.00066 -0.00132 -0.00066 
1718654834568566            -0.00066 -0.00132 -0.00198 -0.00066 -0.00132 -0.00066 
1718654834577366            -0.00066 -0.00132 -0.00198 -0.00066 -0.00132 -0.00066 
1718654834579886            -0.00066 -0.00132 -0.00198 -0.00066 -0.00132 -0.00066 
1718654834592486            -0.00066 -0.00132 -0.00198 -0.00066 -0.00132 -0.00066 
1718654834608286            -0.00066 -0.00132 -0.00198 -0.00066 -0.00132 -0.00066 
1718654834612816            -0.00066 -0.00132 -0.00198 -0.00066 -0.00132 -0.00066 
1718654834626496            -0.00066 -0.00132 -0.00198 -0.00066 -0.00132 -0.00066 
1718654834636846            -0.00066 -0.00132 -0.00198 -0.00066 -0.00132 -0.00066 
1718654834647466            -0.00066 -0.00132 -0.00198 -0.00066 -0.00132 -0.00066 
1718654834649746            -0.00066 -0.00132 -0.00198 -0.00066 -0.00132 -0.00066 
1718654834662186            -0.00066 -0.00132 -0.00198 -0.00066 -0.00132 -0.00066 
1718654834672626            -0.00066 -0.00132 -0.00198 -0.00066 -0.00132 -0.00066 
1718654834681086            -0.00066 -0.00132 -0.00198 -0.00066 -0.00132 -0.00066 
1718654834690766            -0.00066 -0.00132 -0.00198 -0.00066 -0.00132 -0.00066 
1718654834702846            -0.00066 -0.00132 -0.00198 -0.00066 -0.00132 -0.00066 
1718654834713836            -0.00066 -0.00132 -0.00198 -0.00066 -0.00132 -0.00066 
1718654834720606            -0.00066 -0.00132 -0.00198 -0.00066 -0.00132 -0.00066 
1718654834732556            -0.00066 -0.00132 -0.00198 -0.00066 -0.00132 -0.00066 
1718654834746946            -0.00066 -0.00132 -0.00198 -0.00066 -0.00132 -0.00066 
1718654834757106            -0.00066 -0.00132 -0.00198 -0.00066 -0.00132 -0.00066 
1718654834762776            -0.00066 -0.00132 -0.00198 -0.00066 -0.00132 -0.00066 
1718654834775946            -0.00066 -0.00132 -0.00198 -0.00066 -0.00132 -0.00066 
1718654834779746            -0.00066 -0.00132 -0.00198 -0.00066 -0.00132 -0.00066 
1718654834788886            -0.00066 -0.00132 -0.00198 -0.00066 -0.00132 -0.00066 
1718654834806766            -0.00066 -0.00132 -0.00198 -0.00066 -0.00132 -0.00066 
1718654834809796            -0.00066 -0.00132 -0.00198 -0.00066 -0.00132 -0.00066 
1718654834825986            -0.00066 -0.00132 -0.00198 -0.00066 -0.00132 -0.00066 
1718654834834016            -0.00066 -0.00132 -0.00198 -0.00066 -0.00132 -0.00066 
1718654834839596            -0.00066 -0.00132 -0.00198 -0.00066 -0.00132 -0.00066 
1718654834856306            -0.00066 -0.00132 -0.00198 -0.00066 -0.00132 -0.00066 
1718654834858816            -0.00066 -0.00132 -0.00198 -0.00066 -0.00132 -0.00066 
1718654834875596            -0.00066 -0.00132 -0.00198 -0.00066 -0.00132 -0.00066 
1718654834877156            -0.00066 -0.00132 -0.00198 -0.00066 -0.00132 -0.00066 
1718654834893976            -0.00066 -0.00132 -0.00198 -0.00066 -0.00132 -0.00066 
1718654834898926            -0.00066 -0.00132 -0.00198 -0.00066 -0.00132 -0.00066 
1718654834921506            -0.00066 -0.00132 -0.00198 -0.00066 -0.00132 -0.00066 
1718654834934676            -0.00066 -0.00132 -0.00198 -0.00066 -0.00132 -0.00066 
1718654834940616            -0.00066 -0.00132 -0.00198 -0.00066 -0.00132 -0.00066 
1718654834953006            -0.00066 -0.00132 -0.00198 -0.00066 -0.00132 -0.00066 
1718654834959736            -0.00066 -0.00132 -0.00198 -0.00066 -0.00132 -0.00066 
1718654834978576            -0.00066 -0.00132 -0.00198 -0.00066 -0.00132 -0.00066 
1718654834992736            -0.00066 -0.00132 -0.00198 -0.00066 -0.00132 -0.00066 
1718654834997336            -0.00066 -0.00132 -0.00198 -0.00066 -0.00132 -0.00066 
1718654835011596            -0.00066 -0.00132 -0.00198 -0.00066 -0.00132 -0.00066 
1718654835019236            -0.00066 -0.00132 -0.00198 -0.00066 -0.00132 -0.00066 
1718654835045106            -0.00066 -0.00132 -0.00198 -0.00066 -0.00132 -0.00066 
1718654835045696               2e-05 0 1e-05 1e-05 0 1e-05 
1718654835060696            -0.00066 -0.00132 -0.00198 -0.00066 -0.00132 -0.00066 
1718654835072156            -0.00066 -0.00132 -0.00198 -0.00066 -0.00132 -0.00066 
1718654835076176            -0.00066 -0.00132 -0.00198 -0.00066 -0.00132 -0.00066 
1718654835104156            -0.00066 -0.00132 -0.00198 -0.00066 -0.00132 -0.00066 
1718654835112146            -0.00066 -0.00132 -0.00198 -0.00066 -0.00132 -0.00066 
1718654835128396            -0.00066 -0.00132 -0.00198 -0.00066 -0.00132 -0.00066 
1718654835140366            -0.00066 -0.00132 -0.00198 -0.00066 -0.00132 -0.00066 
1718654835152896            -0.00066 -0.00132 -0.00198 -0.00066 -0.00132 -0.00066 
1718654835155776            -0.00066 -0.00132 -0.00198 -0.00066 -0.00132 -0.00066 
1718654835182036            -0.00066 -0.00132 -0.00198 -0.00066 -0.00132 -0.00066 
1718654835188746            -0.00066 -0.00132 -0.00198 -0.00066 -0.00132 -0.00066 
1718654835218766            -0.00066 -0.00132 -0.00198 -0.00066 -0.00132 -0.00066 
1718654835233656            -0.00066 -0.00132 -0.00198 -0.00066 -0.00132 -0.00066 
1718654835273866            -0.00066 -0.00132 -0.00198 -0.00066 -0.00132 -0.00066 
1718654835289936            -0.00066 -0.00132 -0.00198 -0.00066 -0.00132 -0.00066 
1718654835322436            -0.00066 -0.00132 -0.00198 -0.00066 -0.00132 -0.00066 
1718654835324876            -0.00066 -0.00132 -0.00198 -0.00066 -0.00132 -0.00066 
1718654835343526            -0.00066 -0.00132 -0.00198 -0.00066 -0.00132 -0.00066 
1718654835354156            -0.00066 -0.00132 -0.00198 -0.00066 -0.00132 -0.00066 
1718654835374086            -0.00066 -0.00132 -0.00198 -0.00066 -0.00132 -0.00066 
1718654835392176            -0.00066 -0.00132 -0.00198 -0.00066 -0.00132 -0.00066 
1718654835397656            -0.00066 -0.00132 -0.00198 -0.00066 -0.00132 -0.00066 
1718654835417446            -0.00066 -0.00132 -0.00198 -0.00066 -0.00132 -0.00066 
1718654835438756            -0.00066 -0.00132 -0.00198 -0.00066 -0.00132 -0.00066 
1718654835463706            -0.00066 -0.00132 -0.00198 -0.00066 -0.00132 -0.00066 
1718654835478106            -0.00066 -0.00132 -0.00198 -0.00066 -0.00132 -0.00066 
1718654835487496            -0.00066 -0.00132 -0.00198 -0.00066 -0.00132 -0.00066 
1718654835501846            -0.00066 -0.00132 -0.00198 -0.00066 -0.00132 -0.00066 
1718654835503906            -0.00066 -0.00132 -0.00198 -0.00066 -0.00132 -0.00066 
1718654835518886            -0.00066 -0.00132 -0.00198 -0.00066 -0.00132 -0.00066 
1718654835530316            -0.00066 -0.00132 -0.00198 -0.00066 -0.00132 -0.00066 
1718654835560596            -0.00066 -0.00132 -0.00198 -0.00066 -0.00132 -0.00066 
1718654835564216            -0.00066 -0.00132 -0.00198 -0.00066 -0.00132 -0.00066 
1718654835582226            -0.00066 -0.00132 -0.00198 -0.00066 -0.00132 -0.00066 
1718654835600516            -0.00066 -0.00132 -0.00198 -0.00066 -0.00132 -0.00066 
1718654835622006            -0.00066 -0.00132 -0.00198 -0.00066 -0.00132 -0.00066 
1718654835637346            -0.00066 -0.00132 -0.00198 -0.00066 -0.00132 -0.00066 
1718654835653016            -0.00066 -0.00132 -0.00198 -0.00066 -0.00132 -0.00066 
1718654835675116            -0.00066 -0.00132 -0.00198 -0.00066 -0.00132 -0.00066 
1718654835694966            -0.00066 -0.00132 -0.00198 -0.00066 -0.00132 -0.00066 
1718654835709286            -0.00066 -0.00132 -0.00198 -0.00066 -0.00132 -0.00066 
1718654835713626            -0.00066 -0.00132 -0.00198 -0.00066 -0.00132 -0.00066 
1718654835728636            -0.00066 -0.00132 -0.00198 -0.00066 -0.00132 -0.00066 
1718654835730676            -0.00066 -0.00132 -0.00198 -0.00066 -0.00132 -0.00066 
1718654835754166            -0.00066 -0.00132 -0.00198 -0.00066 -0.00132 -0.00066 
1718654835767456            -0.00066 -0.00132 -0.00198 -0.00066 -0.00132 -0.00066 
1718654835779456            -0.00066 -0.00132 -0.00198 -0.00066 -0.00132 -0.00066 
1718654835797576            -0.00066 -0.00132 -0.00198 -0.00066 -0.00132 -0.00066 
1718654835802036            -0.00066 -0.00132 -0.00198 -0.00066 -0.00132 -0.00066 
1718654835826356            -0.00066 -0.00132 -0.00198 -0.00066 -0.00132 -0.00066 
1718654835833346            -0.00066 -0.00132 -0.00198 -0.00066 -0.00132 -0.00066 
1718654835846816            -0.00066 -0.00132 -0.00198 -0.00066 -0.00132 -0.00066 
1718654835856196            -0.00066 -0.00132 -0.00198 -0.00066 -0.00132 -0.00066 
1718654835864646            -0.00066 -0.00132 -0.00198 -0.00066 -0.00132 -0.00066 
1718654835875666            -0.00066 -0.00132 -0.00198 -0.00066 -0.00132 -0.00066 
1718654835878946            -0.00066 -0.00132 -0.00198 -0.00066 -0.00132 -0.00066 
1718654835898096            -0.00066 -0.00132 -0.00198 -0.00066 -0.00132 -0.00066 
1718654835902476            -0.00066 -0.00132 -0.00198 -0.00066 -0.00132 -0.00066 
1718654835912926            -0.00066 -0.00132 -0.00198 -0.00066 -0.00132 -0.00066 
1718654835926606            -0.00066 -0.00132 -0.00198 -0.00066 -0.00132 -0.00066 
1718654835932846            -0.00066 -0.00132 -0.00198 -0.00066 -0.00132 -0.00066 
1718654835942996            -0.00066 -0.00132 -0.00198 -0.00066 -0.00132 -0.00066 
1718654835955916            -0.00066 -0.00132 -0.00198 -0.00066 -0.00132 -0.00066 
1718654835965186            -0.00066 -0.00132 -0.00198 -0.00066 -0.00132 -0.00066 
1718654835969966            -0.00066 -0.00132 -0.00198 -0.00066 -0.00132 -0.00066 
1718654835993746            -0.00066 -0.00132 -0.00198 -0.00066 -0.00132 -0.00066 
1718654836007756            -0.00066 -0.00132 -0.00198 -0.00066 -0.00132 -0.00066 
1718654836010966            -0.00066 -0.00132 -0.00198 -0.00066 -0.00132 -0.00066 
1718654836018346            -0.00066 -0.00132 -0.00198 -0.00066 -0.00132 -0.00066 
1718654836031256            -0.00066 -0.00132 -0.00198 -0.00066 -0.00132 -0.00066 
1718654836051066            -0.00066 -0.00132 -0.00198 -0.00066 -0.00132 -0.00066 
1718654836060036            -0.00066 -0.00132 -0.00198 -0.00066 -0.00132 -0.00066 
1718654836069316            -0.00066 -0.00132 -0.00198 -0.00066 -0.00132 -0.00066 
1718654836077876            -0.00066 -0.00132 -0.00198 -0.00066 -0.00132 -0.00066 
1718654836094886            -0.00066 -0.00132 -0.00198 -0.00066 -0.00132 -0.00066 
1718654836101986            -0.00066 -0.00132 -0.00198 -0.00066 -0.00132 -0.00066 
1718654836115096            -0.00066 -0.00132 -0.00198 -0.00066 -0.00132 -0.00066 
1718654836117396            -0.00066 -0.00132 -0.00198 -0.00066 -0.00132 -0.00066 
1718654836130916            -0.00066 -0.00132 -0.00198 -0.00066 -0.00132 -0.00066 
1718654836136866            -0.00066 -0.00132 -0.00198 -0.00066 -0.00132 -0.00066 
1718654836154396            -0.00066 -0.00132 -0.00198 -0.00066 -0.00132 -0.00066 
1718654836159216            -0.00066 -0.00132 -0.00198 -0.00066 -0.00132 -0.00066 
1718654836171796            -0.00066 -0.00132 -0.00198 -0.00066 -0.00132 -0.00066 
1718654836177676            -0.00066 -0.00132 -0.00198 -0.00066 -0.00132 -0.00066 
1718654836187876            -0.00066 -0.00132 -0.00198 -0.00066 -0.00132 -0.00066 
1718654836203656            -0.00066 -0.00132 -0.00198 -0.00066 -0.00132 -0.00066 
1718654836206546            -0.00066 -0.00132 -0.00198 -0.00066 -0.00132 -0.00066 
1718654836223396            -0.00066 -0.00132 -0.00198 -0.00066 -0.00132 -0.00066 
1718654836229356            -0.00066 -0.00132 -0.00198 -0.00066 -0.00132 -0.00066 
1718654836238176            -0.00066 -0.00132 -0.00198 -0.00066 -0.00132 -0.00066 
1718654836250686            -0.00066 -0.00132 -0.00198 -0.00066 -0.00132 -0.00066 
1718654836259976            -0.00066 -0.00132 -0.00198 -0.00066 -0.00132 -0.00066 
1718654836282066            -0.00066 -0.00132 -0.00198 -0.00066 -0.00132 -0.00066 
1718654836288706            -0.00066 -0.00132 -0.00198 -0.00066 -0.00132 -0.00066 
1718654836304806            -0.00066 -0.00132 -0.00198 -0.00066 -0.00132 -0.00066 
1718654836309136            -0.00066 -0.00132 -0.00198 -0.00066 -0.00132 -0.00066 
1718654836318706            -0.00066 -0.00132 -0.00198 -0.00066 -0.00132 -0.00066 
1718654836326376            -0.00066 -0.00132 -0.00198 -0.00066 -0.00132 -0.00066 
1718654836343506            -0.00066 -0.00132 -0.00198 -0.00066 -0.00132 -0.00066 
1718654836350146            -0.00066 -0.00132 -0.00198 -0.00066 -0.00132 -0.00066 
1718654836362086            -0.00066 -0.00132 -0.00198 -0.00066 -0.00132 -0.00066 
1718654836371546            -0.00066 -0.00132 -0.00198 -0.00066 -0.00132 -0.00066 
1718654836376186            -0.00066 -0.00132 -0.00198 -0.00066 -0.00132 -0.00066 
1718654836386406            -0.00066 -0.00132 -0.00198 -0.00066 -0.00132 -0.00066 
1718654836404256            -0.00066 -0.00132 -0.00198 -0.00066 -0.00132 -0.00066 
1718654836407266            -0.00066 -0.00132 -0.00198 -0.00066 -0.00132 -0.00066 
1718654836420686            -0.00066 -0.00132 -0.00198 -0.00066 -0.00132 -0.00066 
1718654836429666            -0.00066 -0.00132 -0.00198 -0.00066 -0.00132 -0.00066 
1718654836442756            -0.00066 -0.00132 -0.00198 -0.00066 -0.00132 -0.00066 
1718654836445646            -0.00066 -0.00132 -0.00198 -0.00066 -0.00132 -0.00066 
1718654836463966            -0.00066 -0.00132 -0.00198 -0.00066 -0.00132 -0.00066 
1718654836464196            -0.00066 -0.00132 -0.00198 -0.00066 -0.00132 -0.00066 
1718654836482716            -0.00066 -0.00132 -0.00198 -0.00066 -0.00132 -0.00066 
1718654836484036            -0.00066 -0.00132 -0.00198 -0.00066 -0.00132 -0.00066 
1718654836499956            -0.00066 -0.00132 -0.00198 -0.00066 -0.00132 -0.00066 
1718654836505846            -0.00066 -0.00132 -0.00198 -0.00066 -0.00132 -0.00066 
1718654836529566            -0.00066 -0.00132 -0.00198 -0.00066 -0.00132 -0.00066 
1718654836543196            -0.00066 -0.00132 -0.00198 -0.00066 -0.00132 -0.00066 
1718654836544116            -0.00066 -0.00132 -0.00198 -0.00066 -0.00132 -0.00066 
1718654836560036            -0.00066 -0.00132 -0.00198 -0.00066 -0.00132 -0.00066 
1718654836574756            -0.00066 -0.00132 -0.00198 -0.00066 -0.00132 -0.00066 
1718654836585566            -0.00066 -0.00132 -0.00198 -0.00066 -0.00132 -0.00066 
1718654836597926            -0.00066 -0.00132 -0.00198 -0.00066 -0.00132 -0.00066 
1718654836606106            -0.00066 -0.00132 -0.00198 -0.00066 -0.00132 -0.00066 
1718654836620456            -0.00066 -0.00132 -0.00198 -0.00066 -0.00132 -0.00066 
1718654836625616            -0.00066 -0.00132 -0.00198 -0.00066 -0.00132 -0.00066 
1718654836634916            -0.00066 -0.00132 -0.00198 -0.00066 -0.00132 -0.00066 
1718654836652156            -0.00066 -0.00132 -0.00198 -0.00066 -0.00132 -0.00066 
1718654836659046            -0.00066 -0.00132 -0.00198 -0.00066 -0.00132 -0.00066 
1718654836664796            -0.00066 -0.00132 -0.00198 -0.00066 -0.00132 -0.00066 
1718654836679196            -0.00066 -0.00132 -0.00198 -0.00066 -0.00132 -0.00066 
1718654836685466            -0.00066 -0.00132 -0.00198 -0.00066 -0.00132 -0.00066 
1718654836701896            -0.00066 -0.00132 -0.00198 -0.00066 -0.00132 -0.00066 
1718654836704726            -0.00066 -0.00132 -0.00198 -0.00066 -0.00132 -0.00066 
1718654836719696            -0.00066 -0.00132 -0.00198 -0.00066 -0.00132 -0.00066 
1718654836731896            -0.00066 -0.00132 -0.00198 -0.00066 -0.00132 -0.00066 
1718654836740536            -0.00066 -0.00132 -0.00198 -0.00066 -0.00132 -0.00066 
1718654836750026            -0.00066 -0.00132 -0.00198 -0.00066 -0.00132 -0.00066 
1718654836752116            -0.00066 -0.00132 -0.00198 -0.00066 -0.00132 -0.00066 
1718654836767056            -0.00066 -0.00132 -0.00198 -0.00066 -0.00132 -0.00066 
1718654836772166            -0.00066 -0.00132 -0.00198 -0.00066 -0.00132 -0.00066 
1718654836784846            -0.00066 -0.00132 -0.00198 -0.00066 -0.00132 -0.00066 
1718654836797646            -0.00066 -0.00132 -0.00198 -0.00066 -0.00132 -0.00066 
