Timestamp (microseconds)      Peak Amplitude
1718654849672306                2603
1718654849685486                2811
1718654849701976                3061
1718654849711486                2728
1718654849727956                3061
1718654849747896                3020
1718654849763046                2686
1718654849779666                2645
1718654849795346                2520
1718654849802096               26809
1718654849816106                3936
1718654849825106                8186
1718654849829386                8311
1718654849839536                2853
1718654849847536                2811
1718654849856596                2853
1718654849867486                2520
1718654849881306                2520
1718654849887996                2978
1718654849902836                3020
1718654849909116                2853
1718654849939666                2770
1718654849960606                2603
1718654849967966                2728
1718654849994256                3270
1718654849995936                2520
1718654850005306                3061
1718654850031056                2728
1718654850041406                2936
1718654850045606                2686
1718654850071286                3186
1718654850080876                2603
1718654850107466                3186
1718654850117656                3311
1718654850124366                2770
1718654850155336                2811
1718654850170696                2561
1718654850180466                2686
1718654850185036                2561
1718654850209236                2728
1718654850214156                2936
1718654850231146                2603
1718654850247796                2853
1718654850262036                4644
1718654850272556                4353
1718654850278616                8186
1718654850291256                6561
1718654850296516                6686
1718654850304886                4644
1718654850318846                7519
1718654850323566                7561
1718654850340326                6186
1718654850346796                9602
1718654850352806                5603
1718654850368546                5519
1718654850377816                7811
1718654850388816                9477
1718654850394366               17435
1718654850402316               11560
1718654850420616               11227
1718654850422956               13935
1718654850441296                8769
1718654850442556                9394
1718654850455996               11644
1718654850465416                7227
1718654850473816                7269
1718654850484526                6353
1718654850500846               11102
1718654850501006               10144
1718654850513846                6769
1718654850521786                7269
1718654850530756                5769
1718654850547416                7977
1718654850551076                8644
1718654850568916                8936
1718654850574476               16185
1718654850580956               16601
1718654850596606                5728
1718654850607536                7394
1718654850614986                8227
1718654850624356                7102
1718654850637486                6686
1718654850647146                5019
1718654850656596                5394
1718654850661046                4728
1718654850669706                4228
1718654850685666                3894
1718654850692146                4228
1718654850708426                3394
1718654850709756                3728
1718654850719586                3936
1718654850732126                3686
1718654850739646                3103
1718654850751556                3436
1718654850758956                2895
1718654850778076                3145
1718654850780096                3311
1718654850797916                3145
1718654850815356                3436
1718654850819076                3020
1718654850834076                3603
1718654850844226                3519
1718654850856346                2561
1718654850858726                3311
1718654850868616                3394
1718654850883196                2936
1718654850895836                2895
1718654850903706                3311
1718654850908636                2728
1718654850925756                2728
1718654850931196                3644
1718654850937906                3270
1718654850949406                2978
1718654850957976                3936
1718654850972006                3020
1718654850982996                3020
1718654850990396                2978
1718654850998276                2686
1718654851021576                2728
1718654851037886                2645
1718654851051016                2728
1718654851057386                2645
1718654851068276                2978
1718654851084726                3769
1718654851096416                3020
1718654851116316                3020
1718654851131216                2728
1718654851146846                3145
1718654851156586                3978
1718654851175476                2811
1718654851175556                2936
1718654851202586                2686
1718654851205536                3020
1718654851222276                3145
1718654851235746                2728
1718654851264176                2853
1718654851265606                2811
1718654851291966                3228
1718654851295146                3853
1718654851317276                2936
1718654851333686                2811
1718654851335706                3186
1718654851356916                2520
1718654851370936                3394
1718654851380826                3020
1718654851391966                2561
1718654851396496                2561
1718654851407596                2686
1718654851425506                2853
1718654851450326                3186
1718654851460466                2811
1718654851478236                2770
1718654851497896                3311
1718654851504676                3311
1718654851522696                2936
1718654851524906                2645
1718654851534856                2603
1718654851544466                2686
1718654851571806                3311
1718654851573576                3561
1718654851584746                2895
1718654851594326                2770
1718654851612626                3478
1718654851635946                2645
1718654851646016                2811
1718654851659036                2686
1718654851662526                2853
1718654851690136                2603
1718654851704826                3228
1718654851724376                3145
1718654851740236                3228
1718654851743416                4103
1718654851759426                2603
1718654851773116                2853
1718654851816096                3020
1718654851821336                2645
1718654851840226                2686
1718654851852576                2770
1718654851868756                2978
1718654851874496                2770
1718654851886236                2728
1718654851889886                3394
1718654851957746                3103
1718654851961646                2645
1718654851978496                2603
1718654851982196                2936
1718654851994016                2728
1718654852007606                2561
1718654852011946                2686
1718654852023006                3478
1718654852057206                2561
1718654852066706                3103
1718654852068926                3186
1718654852093146                2603
1718654852100346                2853
1718654852115016                2603
1718654852120876                2645
1718654852133976                3061
1718654852143276                3061
1718654852160576                2811
1718654852205306                2770
1718654852209406                3270
1718654852230926                2520
1718654852253746                2728
1718654852258296                2603
1718654852272696                3394
1718654852280996                2561
1718654852287576                2895
1718654852297526                2686
1718654852319886                2561
1718654852334396                3103
1718654852368606                3394
1718654852386086                3020
1718654852406086                2603
1718654852419316                2936
1718654852432606                2978
1718654852452476                2770
1718654852455866                2561
1718654852482936                2561
1718654852494356                2770
1718654852538346                2895
1718654852546396                3061
1718654852580186                3145
1718654852597686                2561
1718654852615266                2520
1718654852629086                2603
1718654852635466                3020
1718654852646826                2686
1718654852663486               16018
1718654852665376               21643
1718654852676386                3686
1718654852692196                8894
1718654852694686                5853
1718654852723446                2645
1718654852739696                2520
1718654852748596                2561
1718654852758546                2686
1718654852776956                3061
1718654852782886                3394
1718654852801806                2978
1718654852803876                2770
1718654852819356                2645
1718654852834456                2645
1718654852849116                2561
1718654852858676                2686
1718654852870106                2561
1718654852877576                2728
1718654852891676                2978
1718654852891696                2978
1718654852906266                2603
1718654852934526                3228
1718654852947176                2770
1718654852956316                2686
1718654852967456                2770
1718654852976366                2645
1718654852991596                2978
1718654853002666                2561
1718654853042926                2561
1718654853058496                3186
1718654853070726                2520
1718654853085996                3145
1718654853122706                2561
1718654853136736                3311
1718654853144866                2561
1718654853179856                2603
1718654853203136                2936
1718654853229556                2895
1718654853257996                3728
1718654853259756                2686
1718654853292126                2520
1718654853336666                3103
1718654853340776                3103
1718654853354836                2978
1718654853359796                2603
1718654853386816                3561
1718654853390586                3020
1718654853405776                3853
1718654853408626                2520
1718654853433566                2645
1718654853443826                2603
1718654853447346                2603
1718654853472986                2978
1718654853479756                2520
1718654853508356                2770
1718654853522026                4019
1718654853526646                2603
1718654853544286                2728
1718654853567696                2686
1718654853576596                2770
1718654853589056                2645
1718654853632616                2686
1718654853647836                2728
1718654853655696                2978
1718654853711416                2561
1718654853765936                2978
1718654853778376                3353
1718654853800076                2561
1718654853810106                2770
1718654853826636                2853
1718654853863746                2603
1718654853872166                2770
1718654853881586                2770
1718654853884406                3145
1718654853899606                2895
1718654853955276                2936
1718654853963906                2728
1718654853975046                2853
1718654853994616                3103
1718654854011716                2728
1718654854012766                2770
1718654854033756                2770
1718654854050816                3769
1718654854052416                2811
1718654854069126                2603
1718654854086646                2853
1718654854106946                2645
1718654854131236                2770
1718654854131906                2978
1718654854152446                2728
1718654854165926                3394
1718654854177086                2811
1718654854190976                4019
1718654854193326                4936
1718654854206966                7852
1718654854219346                4936
1718654854229016                6936
1718654854232896                4728
1718654854249886                7852
1718654854253416                8394
1718654854261266                4436
1718654854277606                5228
1718654854280896                5561
1718654854299276                6478
1718654854302086                9519
1718654854319576                5311
1718654854326486               10935
1718654854334026               10977
1718654854349626               12769
1718654854353486               19643
1718654854363276                8769
1718654854373916                7727
1718654854385686                9227
1718654854390256                6519
1718654854408246                9227
1718654854413856                7061
1718654854426726                7769
1718654854431496               10477
1718654854444876                7352
1718654854454256                6228
1718654854468116                6061
1718654854477056                6561
1718654854481466                7936
1718654854497496                7519
1718654854507096               18435
1718654854508696               16102
1718654854525266                9144
1718654854531906               10144
1718654854538456                6894
1718654854555096                5269
1718654854567286                4603
1718654854576086                7186
1718654854578606                4728
1718654854591206                5103
1718654854607006                4436
1718654854611536                4061
1718654854625216                4228
1718654854635566                3853
1718654854646186                3769
1718654854648466                4228
1718654854660906                2686
1718654854671346                3644
1718654854679806                3936
1718654854689486                3311
1718654854701566                3311
1718654854712556                2811
1718654854719326                3145
1718654854731276                3270
1718654854745666                3145
1718654854755826                3478
1718654854761496                3394
1718654854774666                2645
1718654854778466                2686
1718654854787606                3853
1718654854805486                2645
1718654854808516                2811
1718654854824706                2728
1718654854832736                3686
1718654854838316                2811
1718654854855026                2686
1718654854857536                2645
1718654854874316                3353
1718654854875876                2770
1718654854892696                2645
1718654854897646                3353
1718654854920226                2561
1718654854933396                2936
1718654854939336                3228
1718654854951726                2936
