Timestamp (microseconds)      Peak Amplitude
1718654911448046             0.00014 0.00028 0.00042 0.00014 0.00028 0.00014 
1718654911476416             0.00014 0.00028 0.00042 0.00014 0.00028 0.00014 
1718654911494976             0.00014 0.00028 0.00042 0.00014 0.00028 0.00014 
1718654911501886             0.00014 0.00028 0.00042 0.00014 0.00028 0.00014 
1718654911524036             0.00014 0.00028 0.00042 0.00014 0.00028 0.00014 
1718654911568076             0.00014 0.00028 0.00042 0.00014 0.00028 0.00014 
1718654911578346             0.00014 0.00028 0.00042 0.00014 0.00028 0.00014 
1718654911611166             0.00014 0.00028 0.00042 0.00014 0.00028 0.00014 
1718654911634186             0.00014 0.00028 0.00042 0.00014 0.00028 0.00014 
1718654911656866             0.00014 0.00028 0.00042 0.00014 0.00028 0.00014 
1718654911674856             0.00014 0.00028 0.00042 0.00014 0.00028 0.00014 
1718654911701956             0.00014 0.00028 0.00042 0.00014 0.00028 0.00014 
1718654911722236             0.00014 0.00028 0.00042 0.00014 0.00028 0.00014 
1718654911740516             0.00014 0.00028 0.00042 0.00014 0.00028 0.00014 
1718654911769096             0.00014 0.00028 0.00042 0.00014 0.00028 0.00014 
1718654911778156             0.00014 0.00028 0.00042 0.00014 0.00028 0.00014 
1718654911813786             0.00014 0.00028 0.00042 0.00014 0.00028 0.00014 
1718654911844036             0.00014 0.00028 0.00042 0.00014 0.00028 0.00014 
1718654911856686             0.00014 0.00028 0.00042 0.00014 0.00028 0.00014 
1718654911865216             0.00014 0.00028 0.00042 0.00014 0.00028 0.00014 
1718654911881236             0.00014 0.00028 0.00042 0.00014 0.00028 0.00014 
1718654911890916             0.00014 0.00028 0.00042 0.00014 0.00028 0.00014 
1718654911900836             0.00014 0.00028 0.00042 0.00014 0.00028 0.00014 
1718654911923126             0.00014 0.00028 0.00042 0.00014 0.00028 0.00014 
1718654911933076             0.00014 0.00028 0.00042 0.00014 0.00028 0.00014 
1718654911955776             0.00014 0.00028 0.00042 0.00014 0.00028 0.00014 
1718654911979046             0.00014 0.00028 0.00042 0.00014 0.00028 0.00014 
1718654912000816             0.00014 0.00028 0.00042 0.00014 0.00028 0.00014 
1718654912001416             0.00014 0.00028 0.00042 0.00014 0.00028 0.00014 
1718654912019586             0.00014 0.00028 0.00042 0.00014 0.00028 0.00014 
1718654912021156             0.00014 0.00028 0.00042 0.00014 0.00028 0.00014 
1718654912067646             0.00014 0.00028 0.00042 0.00014 0.00028 0.00014 
1718654912088386             0.00014 0.00028 0.00042 0.00014 0.00028 0.00014 
1718654912144476             0.00014 0.00028 0.00042 0.00014 0.00028 0.00014 
1718654912157396             0.00014 0.00028 0.00042 0.00014 0.00028 0.00014 
1718654912199896             0.00014 0.00028 0.00042 0.00014 0.00028 0.00014 
1718654912220776             0.00014 0.00028 0.00042 0.00014 0.00028 0.00014 
1718654912245546             0.00014 0.00028 0.00042 0.00014 0.00028 0.00014 
1718654912266546             0.00014 0.00028 0.00042 0.00014 0.00028 0.00014 
1718654912331406             0.00014 0.00028 0.00042 0.00014 0.00028 0.00014 
1718654912345216             0.00014 0.00028 0.00042 0.00014 0.00028 0.00014 
1718654912365626             0.00014 0.00028 0.00042 0.00014 0.00028 0.00014 
1718654912387516             0.00014 0.00028 0.00042 0.00014 0.00028 0.00014 
1718654912430176             0.00014 0.00028 0.00042 0.00014 0.00028 0.00014 
1718654912454016             0.00014 0.00028 0.00042 0.00014 0.00028 0.00014 
1718654912479166             0.00014 0.00028 0.00042 0.00014 0.00028 0.00014 
1718654912542726             0.00014 0.00028 0.00042 0.00014 0.00028 0.00014 
1718654912561946             0.00014 0.00028 0.00042 0.00014 0.00028 0.00014 
1718654912575606             0.00014 0.00028 0.00042 0.00014 0.00028 0.00014 
1718654912578016             0.00014 0.00028 0.00042 0.00014 0.00028 0.00014 
1718654912589486             0.00014 0.00028 0.00042 0.00014 0.00028 0.00014 
1718654912625946             0.00014 0.00028 0.00042 0.00014 0.00028 0.00014 
1718654912632556             0.00014 0.00028 0.00042 0.00014 0.00028 0.00014 
1718654912643516             0.00014 0.00028 0.00042 0.00014 0.00028 0.00014 
1718654912662016             0.00014 0.00028 0.00042 0.00014 0.00028 0.00014 
1718654912666116             0.00014 0.00028 0.00042 0.00014 0.00028 0.00014 
1718654912685376             0.00014 0.00028 0.00042 0.00014 0.00028 0.00014 
1718654912687216             0.00014 0.00028 0.00042 0.00014 0.00028 0.00014 
1718654912695946             0.00014 0.00028 0.00042 0.00014 0.00028 0.00014 
1718654912710596             0.00014 0.00028 0.00042 0.00014 0.00028 0.00014 
1718654912732236             0.00014 0.00028 0.00042 0.00014 0.00028 0.00014 
1718654912749596             0.00014 0.00028 0.00042 0.00014 0.00028 0.00014 
1718654912757506             0.00014 0.00028 0.00042 0.00014 0.00028 0.00014 
1718654912776116             0.00014 0.00028 0.00042 0.00014 0.00028 0.00014 
1718654912798606             0.00014 0.00028 0.00042 0.00014 0.00028 0.00014 
1718654912830946             0.00014 0.00028 0.00042 0.00014 0.00028 0.00014 
1718654912846186             0.00014 0.00028 0.00042 0.00014 0.00028 0.00014 
1718654912875736             0.00014 0.00028 0.00042 0.00014 0.00028 0.00014 
1718654912896606             0.00014 0.00028 0.00042 0.00014 0.00028 0.00014 
1718654912911286             0.00014 0.00028 0.00042 0.00014 0.00028 0.00014 
1718654912932036             0.00014 0.00028 0.00042 0.00014 0.00028 0.00014 
1718654912964726             0.00014 0.00028 0.00042 0.00014 0.00028 0.00014 
1718654912976636             0.00014 0.00028 0.00042 0.00014 0.00028 0.00014 
1718654912988506             0.00014 0.00028 0.00042 0.00014 0.00028 0.00014 
1718654913052096             0.00014 0.00028 0.00042 0.00014 0.00028 0.00014 
1718654913053436             0.00014 0.00028 0.00042 0.00014 0.00028 0.00014 
1718654913132656             0.00014 0.00028 0.00042 0.00014 0.00028 0.00014 
1718654913152716             0.00014 0.00028 0.00042 0.00014 0.00028 0.00014 
1718654913184896             0.00014 0.00028 0.00042 0.00014 0.00028 0.00014 
1718654913197526             0.00014 0.00028 0.00042 0.00014 0.00028 0.00014 
1718654913239326             0.00014 0.00028 0.00042 0.00014 0.00028 0.00014 
1718654913266086             0.00014 0.00028 0.00042 0.00014 0.00028 0.00014 
1718654913272236             0.00014 0.00028 0.00042 0.00014 0.00028 0.00014 
1718654913309956             0.00014 0.00028 0.00042 0.00014 0.00028 0.00014 
1718654913319826             0.00014 0.00028 0.00042 0.00014 0.00028 0.00014 
1718654913334966             0.00014 0.00028 0.00042 0.00014 0.00028 0.00014 
1718654913355466             0.00014 0.00028 0.00042 0.00014 0.00028 0.00014 
1718654913386326             0.00014 0.00028 0.00042 0.00014 0.00028 0.00014 
1718654913402846             0.00014 0.00028 0.00042 0.00014 0.00028 0.00014 
1718654913519086             0.00014 0.00028 0.00042 0.00014 0.00028 0.00014 
1718654913542386             0.00014 0.00028 0.00042 0.00014 0.00028 0.00014 
1718654913676866             0.00014 0.00028 0.00042 0.00014 0.00028 0.00014 
1718654913708626             0.00014 0.00028 0.00042 0.00014 0.00028 0.00014 
1718654913717686             0.00014 0.00028 0.00042 0.00014 0.00028 0.00014 
1718654913753736             0.00014 0.00028 0.00042 0.00014 0.00028 0.00014 
1718654913807686             0.00014 0.00028 0.00042 0.00014 0.00028 0.00014 
1718654913894126             0.00014 0.00028 0.00042 0.00014 0.00028 0.00014 
1718654913917176             0.00014 0.00028 0.00042 0.00014 0.00028 0.00014 
1718654913939946             0.00014 0.00028 0.00042 0.00014 0.00028 0.00014 
1718654914007526             0.00014 0.00028 0.00042 0.00014 0.00028 0.00014 
1718654914030946             0.00014 0.00028 0.00042 0.00014 0.00028 0.00014 
1718654914047776             0.00014 0.00028 0.00042 0.00014 0.00028 0.00014 
1718654914062086             0.00014 0.00028 0.00042 0.00014 0.00028 0.00014 
1718654914085826             0.00014 0.00028 0.00042 0.00014 0.00028 0.00014 
1718654914106946             0.00014 0.00028 0.00042 0.00014 0.00028 0.00014 
1718654914128956             0.00014 0.00028 0.00042 0.00014 0.00028 0.00014 
1718654914162736             0.00014 0.00028 0.00042 0.00014 0.00028 0.00014 
1718654914182046             0.00014 0.00028 0.00042 0.00014 0.00028 0.00014 
1718654914192756             0.00014 0.00028 0.00042 0.00014 0.00028 0.00014 
1718654914202886             0.00014 0.00028 0.00042 0.00014 0.00028 0.00014 
1718654914205266             0.00014 0.00028 0.00042 0.00014 0.00028 0.00014 
1718654914221216             0.00014 0.00028 0.00042 0.00014 0.00028 0.00014 
1718654914225626             0.00014 0.00028 0.00042 0.00014 0.00028 0.00014 
1718654914242466             0.00014 0.00028 0.00042 0.00014 0.00028 0.00014 
1718654914248166             0.00014 0.00028 0.00042 0.00014 0.00028 0.00014 
1718654914254586             0.00014 0.00028 0.00042 0.00014 0.00028 0.00014 
1718654914266546             0.00014 0.00028 0.00042 0.00014 0.00028 0.00014 
1718654914274426             0.00014 0.00028 0.00042 0.00014 0.00028 0.00014 
1718654914285556             0.00014 0.00028 0.00042 0.00014 0.00028 0.00014 
1718654914298906             0.00014 0.00028 0.00042 0.00014 0.00028 0.00014 
1718654914303006             0.00014 0.00028 0.00042 0.00014 0.00028 0.00014 
1718654914318646             0.00014 0.00028 0.00042 0.00014 0.00028 0.00014 
1718654914331106             0.00014 0.00028 0.00042 -1e-05 0.00028 0.00014 
1718654914336206              -2e-05 0.00028 0.00042 0.00014 0.00028 0.00014 
1718654914349676             0.00014 0 -2e-05 0.00014 0 0.00014 
1718654914353536             0.00014 0 -1e-05 0.00014 0.00028 0.00014 
1718654914369566             0.00014 0.00028 0.00042 0.00014 0.00028 0.00014 
1718654914382006             0.00014 0.00028 0.00042 0.00014 0.00028 0.00014 
1718654914385526             0.00014 0.00028 0.00042 0.00014 0.00028 0.00014 
1718654914393106             0.00014 0.00028 0.00042 0.00014 0.00028 0.00014 
1718654914408106             0.00014 0.00028 0.00042 0.00014 0.00028 0.00014 
1718654914411966             0.00014 0.00028 0.00042 0.00014 0.00028 0.00014 
1718654914426146             0.00014 0.00028 0.00042 0.00014 0.00028 0 
1718654914440686             0.00014 0.00028 0.00042 0.00014 0.00028 0.00014 
1718654914449046             0.00014 0.00028 0.00042 0.00014 0.00028 0.00014 
1718654914455766             0.00014 0.00028 0.00042 0.00014 0.00028 0.00014 
1718654914468296             0.00014 0.00028 0.00042 0.00014 0.00028 0.00014 
1718654914474216             0.00014 0.00028 0.00042 0.00014 0.00028 0.00014 
1718654914483046             0.00014 0.00028 0.00042 0.00014 0.00028 0.00014 
1718654914501056              -1e-05 0.00028 0 0.00014 1e-05 -2e-05 
1718654914502486              -1e-05 0.00028 0.00042 -1e-05 0.00028 0.00014 
1718654914512426             0.00014 0.00028 0.00042 0.00014 0.00028 0.00014 
1718654914528726             0.00014 0.00028 0.00042 0.00014 0.00028 0.00014 
1718654914535276             0.00014 0.00028 0.00042 0.00014 0.00028 0.00014 
1718654914548676             0.00014 0.00028 0.00042 0.00014 0.00028 0.00014 
1718654914554696             0.00014 0.00028 0.00042 0.00014 0.00028 0.00014 
1718654914567296             0.00014 0.00028 0.00042 0.00014 0.00028 0.00014 
1718654914573596             0.00014 0.00028 0.00042 0.00014 0.00028 0.00014 
1718654914587486             0.00014 0.00028 0.00042 0.00014 0.00028 0.00014 
1718654914590806             0.00014 0.00028 0.00042 0.00014 0.00028 0.00014 
1718654914606696             0.00014 0.00028 0.00042 0.00014 0.00028 0.00014 
1718654914617796             0.00014 0.00028 0.00042 0.00014 0.00028 0.00014 
1718654914628096             0.00014 0.00028 0.00042 0.00014 0.00028 0.00014 
1718654914630196             0.00014 0.00028 0.00042 0.00014 0.00028 0.00014 
1718654914643166             0.00014 0.00028 0.00042 0.00014 0.00028 0.00014 
1718654914651966             0.00014 0.00028 0.00042 0.00014 0.00028 0.00014 
1718654914668676             0.00014 0.00028 0.00042 0.00014 0.00028 0.00014 
1718654914672596             0.00014 0.00028 0.00042 0.00014 0.00028 0.00014 
1718654914686496             0.00014 0.00028 0.00042 0.00014 0.00028 0.00014 
1718654914692036             0.00014 0.00028 0.00042 0.00014 0.00028 0.00014 
1718654914702046             0.00014 0.00028 0.00042 0.00014 0.00028 0.00014 
1718654914716346             0.00014 0.00028 0.00042 0.00014 0.00028 0.00014 
1718654914719476             0.00014 0.00028 0.00042 0.00014 0.00028 0.00014 
1718654914739086             0.00014 0.00028 0.00042 0.00014 0.00028 0.00014 
1718654914742366             0.00014 0.00028 0.00042 0.00014 0.00028 0.00014 
1718654914755196             0.00014 0.00028 0.00042 0.00014 0.00028 0.00014 
1718654914764356             0.00014 0.00028 0.00042 0.00014 0.00028 0.00014 
1718654914775676             0.00014 0.00028 0.00042 0.00014 0.00028 0.00014 
1718654914784306             0.00014 0.00028 0.00042 0.00014 0.00028 0.00014 
1718654914802096             0.00014 0.00028 0.00042 0.00014 0.00028 0.00014 
1718654914813036             0.00014 0.00028 0.00042 0.00014 0.00028 0.00014 
1718654914828006             0.00014 0.00028 0.00042 0.00014 0.00028 0.00014 
1718654914830056             0.00014 0.00028 0.00042 0.00014 0.00028 0.00014 
1718654914851136             0.00014 0.00028 0.00042 0.00014 0.00028 0.00014 
1718654914870736             0.00014 0.00028 0.00042 0.00014 0.00028 0.00014 
1718654914884986             0.00014 0.00028 0.00042 0.00014 0.00028 0.00014 
1718654914893356             0.00014 0.00028 0.00042 0.00014 0.00028 0.00014 
1718654914941716             0.00014 0.00028 0.00042 0.00014 0.00028 0.00014 
1718654914984366             0.00014 0.00028 0.00042 0.00014 0.00028 0.00014 
1718654915005036             0.00014 0.00028 0.00042 0.00014 0.00028 0.00014 
1718654915034186             0.00014 0.00028 0.00042 0.00014 0.00028 0.00014 
1718654915040816             0.00014 0.00028 0.00042 0.00014 0.00028 0.00014 
1718654915052046             0.00014 0.00028 0.00042 0.00014 0.00028 0.00014 
1718654915063366             0.00014 0.00028 0.00042 0.00014 0.00028 0.00014 
1718654915068126             0.00014 0.00028 0.00042 0.00014 0.00028 0.00014 
1718654915106356             0.00014 0.00028 0.00042 0.00014 0.00028 0.00014 
1718654915126416             0.00014 0.00028 0.00042 0.00014 0.00028 0.00014 
1718654915137696             0.00014 0.00028 0.00042 0.00014 0.00028 0.00014 
1718654915148666             0.00014 0.00028 0.00042 0.00014 0.00028 0.00014 
1718654915217046             0.00014 0.00028 0.00042 0.00014 0.00028 0.00014 
1718654915269826             0.00014 0.00028 0.00042 0.00014 0.00028 0.00014 
1718654915276116             0.00014 0.00028 0.00042 0.00014 0.00028 0.00014 
1718654915295186             0.00014 0.00028 0.00042 0.00014 0.00028 0.00014 
1718654915320626             0.00014 0.00028 0.00042 0.00014 0.00028 0.00014 
1718654915338066             0.00014 0.00028 0.00042 0.00014 0.00028 0.00014 
1718654915349906             0.00014 0.00028 0.00042 0.00014 0.00028 0.00014 
1718654915368896             0.00014 0.00028 0.00042 0.00014 0.00028 0.00014 
1718654915374196             0.00014 0.00028 0.00042 0.00014 0.00028 0.00014 
1718654915385426             0.00014 0.00028 0.00042 0.00014 0.00028 0.00014 
1718654915430866             0.00014 0.00028 0.00042 0.00014 0.00028 0.00014 
1718654915434206             0.00014 0.00028 0.00042 0.00014 0.00028 0.00014 
1718654915461236             0.00014 0.00028 0.00042 0.00014 0.00028 0.00014 
1718654915480036             0.00014 0.00028 0.00042 0.00014 0.00028 0.00014 
1718654915492256             0.00014 0.00028 0.00042 0.00014 0.00028 0.00014 
1718654915518046             0.00014 0.00028 0.00042 0.00014 0.00028 0.00014 
1718654915527226             0.00014 0.00028 0.00042 0.00014 0.00028 0.00014 
1718654915549666             0.00014 0.00028 0.00042 0.00014 0.00028 0.00014 
1718654915630246             0.00014 0.00028 0.00042 0.00014 0.00028 0.00014 
1718654915650766             0.00014 0.00028 0.00042 0.00014 0.00028 0.00014 
1718654915671176             0.00014 0.00028 0.00042 0.00014 0.00028 0.00014 
1718654915705146             0.00014 0.00028 0.00042 0.00014 0.00028 0.00014 
1718654915725406             0.00014 0.00028 0.00042 0.00014 0.00028 0.00014 
1718654915748406             0.00014 0.00028 0.00042 0.00014 0.00028 0.00014 
1718654915751356             0.00014 0.00028 0.00042 0.00014 0.00028 0.00014 
1718654915782066             0.00014 0.00028 0.00042 0.00014 0.00028 0.00014 
1718654915794676             0.00014 0.00028 0.00042 0.00014 0.00028 0.00014 
1718654915806036             0.00014 0.00028 0.00042 0.00014 0.00028 0.00014 
1718654915817806             0.00014 0.00028 0.00042 0.00014 0.00028 0.00014 
1718654915826416             0.00014 0.00028 0.00042 0.00014 0.00028 0.00014 
1718654915839216             0.00014 0.00028 0.00042 0.00014 0.00028 0.00014 
1718654915849936             0.00014 0.00028 0.00042 0.00014 0.00028 0.00014 
1718654915857316             0.00014 0.00028 0.00042 0.00014 0.00028 0.00014 
1718654915861306             0.00014 0.00028 0.00042 0.00014 0.00028 0.00014 
1718654915878466             0.00014 0.00028 0.00042 0.00014 0.00028 0.00014 
1718654915883956             0.00014 0.00028 0.00042 0.00014 0.00028 0.00014 
1718654915893936             0.00014 0.00028 0.00042 0.00014 0.00028 0.00014 
1718654915908896             0.00014 0.00028 0.00042 0.00014 0.00028 0.00014 
1718654915911906             0.00014 0.00028 0.00042 0.00014 0.00028 0.00014 
1718654915921756             0.00014 0.00028 0.00042 0.00014 0.00028 0.00014 
1718654915937176             0.00014 0.00028 0.00042 0.00014 0.00028 0.00014 
1718654915942386             0.00014 0.00028 0.00042 0.00014 0.00028 0.00014 
1718654915958046             0.00014 0.00028 0.00042 0.00014 0.00028 0.00014 
1718654915959586             0.00014 0.00028 0.00042 0.00014 0.00028 0.00014 
1718654915972596             0.00014 0.00028 0.00042 0.00014 0.00028 0.00014 
1718654915990176             0.00014 0.00028 0.00042 0.00014 0.00028 0.00014 
1718654916007026             0.00014 0.00028 0.00042 0.00014 0.00028 0.00014 
1718654916015446             0.00014 0.00028 0.00042 0.00014 0.00028 0.00014 
1718654916027016             0.00014 0.00028 0.00042 0.00014 0.00028 0.00014 
1718654916029326             0.00014 0.00028 0.00042 0.00014 0.00028 0.00014 
1718654916045726             0.00014 0.00028 0.00042 0.00014 0.00028 0.00014 
1718654916051426             0.00014 0.00028 0.00042 0.00014 0.00028 0.00014 
1718654916061366             0.00014 0.00028 0.00042 0.00014 0.00028 0.00014 
1718654916073926             0.00014 0.00028 0.00042 0.00014 0.00028 0.00014 
1718654916083696             0.00014 0.00028 0.00042 0.00014 0.00028 0.00014 
1718654916093346             0.00014 0.00028 0.00042 0.00014 0.00028 0.00014 
1718654916116316             0.00014 0.00028 0.00042 0.00014 0.00028 0.00014 
1718654916126926             0.00014 0.00028 0.00042 0.00014 0.00028 0.00014 
1718654916140126             0.00014 0.00028 0.00042 0.00014 0.00028 0.00014 
1718654916151046             0.00014 0.00028 0.00042 0.00014 0.00028 0.00014 
1718654916173146             0.00014 0.00028 0.00042 0.00014 0.00028 0.00014 
1718654916179796             0.00014 0.00028 0.00042 0.00014 0.00028 0.00014 
1718654916197216             0.00014 0.00028 0.00042 0.00014 0.00028 0.00014 
1718654916202356             0.00014 0.00028 0.00042 0.00014 0.00028 0.00014 
1718654916216906             0.00014 0.00028 0.00042 0.00014 0.00028 0.00014 
1718654916224936             0.00014 0.00028 0.00042 0.00014 0.00028 0.00014 
1718654916239446             0.00014 0.00028 0.00042 0.00014 0.00028 0.00014 
1718654916255676             0.00014 0.00028 0.00042 0.00014 0.00028 0.00014 
1718654916257066             0.00014 0.00028 0.00042 0.00014 0.00028 0.00014 
1718654916284886             0.00014 0.00028 0.00042 0.00014 0.00028 0.00014 
1718654916294526             0.00014 0.00028 0.00042 0.00014 0.00028 0.00014 
1718654916314946             0.00014 0.00028 0.00042 0.00014 0.00028 0.00014 
1718654916316446             0.00014 0.00028 0.00042 0.00014 0.00028 0.00014 
1718654916335306             0.00014 0.00028 0.00042 0.00014 0.00028 0.00014 
1718654916339546             0.00014 0.00028 0.00042 0.00014 0.00028 0.00014 
1718654916348816             0.00014 0.00028 0.00042 0.00014 0.00028 0.00014 
1718654916365296             0.00014 0.00028 0.00042 0.00014 0.00028 0.00014 
1718654916368456             0.00014 0.00028 0.00042 0.00014 0.00028 0.00014 
1718654916382226             0.00014 0.00028 0.00042 0.00014 0.00028 0.00014 
1718654916415056             0.00014 0.00028 0.00042 0.00014 0.00028 0.00014 
1718654916418416             0.00014 0.00028 0.00042 0.00014 0.00028 0.00014 
1718654916434626             0.00014 0.00028 0.00042 0.00014 0.00028 0.00014 
1718654916439586             0.00014 0.00028 0.00042 0.00014 0.00028 0.00014 
1718654916453826             0.00014 0.00028 0.00042 0.00014 0.00028 0.00014 
1718654916459836             0.00014 0.00028 0.00042 0.00014 0.00028 0.00014 
1718654916469896             0.00014 0.00028 0.00042 0.00014 0.00028 0.00014 
1718654916482846             0.00014 0.00028 0.00042 0.00014 0.00028 0.00014 
1718654916494516             0.00014 0.00028 0.00042 0.00014 0.00028 0.00014 
1718654916497426             0.00014 0.00028 0.00042 0.00014 0.00028 0.00014 
1718654916506706             0.00014 0.00028 0.00042 0.00014 0.00028 0.00014 
1718654916539126             0.00014 0.00028 0.00042 0.00014 0.00028 0.00014 
1718654916546996             0.00014 0.00028 0.00042 0.00014 0.00028 0.00014 
1718654916571786             0.00014 0.00028 0.00042 0.00014 0.00028 0.00014 
1718654916581186             0.00014 0.00028 0.00042 0.00014 0.00028 0.00014 
1718654916593656             0.00014 0.00028 0.00042 0.00014 0.00028 0.00014 
1718654916602076             0.00014 0.00028 0.00042 0.00014 0.00028 0.00014 
1718654916621416             0.00014 0.00028 0.00042 0.00014 0.00028 0.00014 
1718654916644616             0.00014 0.00028 0.00042 0.00014 0.00028 0.00014 
1718654916679206             0.00014 0.00028 0.00042 0.00014 0.00028 0.00014 
1718654916702416             0.00014 0.00028 0.00042 0.00014 0.00028 0.00014 
1718654916706136             0.00014 0.00028 0.00042 0.00014 0.00028 0.00014 
1718654916714916             0.00014 0.00028 0.00042 0.00014 0.00028 0.00014 
1718654916725606             0.00014 0.00028 0.00042 0.00014 0.00028 0.00014 
1718654916736506             0.00014 0.00028 0.00042 0.00014 0.00028 0.00014 
1718654916747216             0.00014 0.00028 0.00042 0.00014 0.00028 0.00014 
1718654916758576             0.00014 0.00028 0.00042 0.00014 0.00028 0.00014 
1718654916780566             0.00014 0.00028 0.00042 0.00014 0.00028 0.00014 
1718654916791296             0.00014 0.00028 0.00042 0.00014 0.00028 0.00014 
1718654916797196             0.00014 0.00028 0.00042 0.00014 0.00028 0.00014 
1718654916835126             0.00014 0.00028 0.00042 0.00014 0.00028 0.00014 
1718654916847186             0.00014 0.00028 0.00042 0.00014 0.00028 0.00014 
1718654916859886             0.00014 0.00028 0.00042 0.00014 0.00028 0.00014 
1718654916863816             0.00014 0.00028 0.00042 0.00014 0.00028 0.00014 
1718654916879166             0.00014 0.00028 0.00042 0.00014 0.00028 0.00014 
1718654916886236             0.00014 0.00028 0.00042 0.00014 0.00028 0.00014 
1718654916895336             0.00014 0.00028 0.00042 0.00014 0.00028 0.00014 
1718654916901946             0.00014 0.00028 0.00042 0.00014 0.00028 0.00014 
1718654916915026             0.00014 0.00028 0.00042 0.00014 0.00028 0.00014 
1718654916935196             0.00014 0.00028 0.00042 0.00014 0.00028 0.00014 
1718654916959106             0.00014 0.00028 0.00042 0.00014 0.00028 0.00014 
1718654916979726             0.00014 0.00028 0.00042 0.00014 0.00028 0.00014 
1718654916982146             0.00014 0.00028 0.00042 0.00014 0.00028 0.00014 
1718654916997526             0.00014 0.00028 0.00042 0.00014 0.00028 0.00014 
1718654917036976             0.00014 0.00028 0.00042 0.00014 0.00028 0.00014 
1718654917081626             0.00014 0.00028 0.00042 0.00014 0.00028 0.00014 
1718654917092726             0.00014 0.00028 0.00042 0.00014 0.00028 0.00014 
1718654917103536             0.00014 0.00028 0.00042 0.00014 0.00028 0.00014 
1718654917124866             0.00014 0.00028 0.00042 0.00014 0.00028 0.00014 
1718654917136876             0.00014 0.00028 0.00042 0.00014 0.00028 0.00014 
1718654917145566             0.00014 0.00028 0.00042 0.00014 0.00028 0.00014 
1718654917158266             0.00014 0.00028 0.00042 0.00014 0.00028 0.00014 
1718654917161286             0.00014 0.00028 0.00042 0.00014 0.00028 0.00014 
1718654917178766             0.00014 0.00028 0.00042 0.00014 0.00028 0.00014 
1718654917182696             0.00014 0.00028 0.00042 0.00014 0.00028 0.00014 
1718654917224076             0.00014 0.00028 0.00042 0.00014 0.00028 0.00014 
1718654917235526             0.00014 0.00028 0.00042 0.00014 0.00028 0.00014 
1718654917269706             0.00014 0.00028 0.00042 0.00014 0.00028 0.00014 
1718654917281256             0.00014 0.00028 0.00042 0.00014 0.00028 0.00014 
1718654917303866             0.00014 0.00028 0.00042 0.00014 0.00028 0.00014 
1718654917345746             0.00014 0.00028 0.00042 0.00014 0.00028 0.00014 
1718654917361296             0.00014 0.00028 0.00042 0.00014 0.00028 0.00014 
1718654917372666             0.00014 0.00028 0.00042 0.00014 0.00028 0.00014 
1718654917392796             0.00014 0.00028 0.00042 0.00014 0.00028 0.00014 
1718654917401176             0.00014 0.00028 0.00042 0.00014 0.00028 0.00014 
1718654917417536             0.00014 0.00028 0.00042 0.00014 0.00028 0.00014 
1718654917419776               1e-05 0.00028 0.00042 0 0.00028 1e-05 
1718654917433216             0.00014 0.00028 0.00042 0.00014 0.00028 0.00014 
1718654917447096             0.00014 0.00028 0.00042 0.00014 0.00028 0.00014 
1718654917447366             0.00014 0.00028 0.00042 0.00014 0.00028 0.00014 
1718654917481606             0.00014 0.00028 0.00042 0.00014 0.00028 0.00014 
1718654917491366             0.00014 0.00028 0.00042 0.00014 0.00028 0.00014 
1718654917504816             0.00014 0.00028 0.00042 0.00014 0.00028 0.00014 
1718654917558056             0.00014 0.00028 0.00042 0.00014 0.00028 0.00014 
1718654917578556             0.00014 0.00028 0.00042 0.00014 0.00028 0.00014 
1718654917605726             0.00014 0.00028 0.00042 0.00014 0.00028 0.00014 
1718654917636076             0.00014 0.00028 0.00042 0.00014 0.00028 0.00014 
1718654917649046             0.00014 0.00028 0.00042 0.00014 0.00028 0.00014 
1718654917685116             0.00014 0.00028 0.00042 0.00014 0.00028 0.00014 
1718654917686836             0.00014 0.00028 0.00042 0.00014 0.00028 0.00014 
1718654917697836             0.00014 0.00028 0.00042 0.00014 0.00028 0.00014 
1718654917726526             0.00014 0.00028 0.00042 0.00014 0.00028 0.00014 
1718654917770176             0.00014 0.00028 0.00042 0.00014 0.00028 0.00014 
1718654917819546             0.00014 0.00028 0.00042 0.00014 0.00028 0.00014 
1718654917838036             0.00014 0.00028 0.00042 0.00014 0.00028 0.00014 
1718654917868616             0.00014 0.00028 0.00042 0.00014 0.00028 0.00014 
1718654917889516             0.00014 0.00028 0.00042 0.00014 0.00028 0.00014 
1718654917932816             0.00014 0.00028 0.00042 0.00014 0.00028 0.00014 
1718654917945836             0.00014 0.00028 0.00042 0.00014 0.00028 0.00014 
1718654917970376             0.00014 0.00028 0.00042 0.00014 0.00028 0.00014 
1718654918034956             0.00014 0.00028 0.00042 0.00014 0.00028 0.00014 
1718654918067176             0.00014 0.00028 0.00042 0.00014 0.00028 0.00014 
1718654918083936             0.00014 0.00028 0.00042 0.00014 0.00028 0.00014 
1718654918134006             0.00014 0.00028 0.00042 0.00014 0.00028 0.00014 
1718654918145966             0.00014 0.00028 0.00042 0.00014 0.00028 0.00014 
1718654918177416             0.00014 0.00028 0.00042 0.00014 0.00028 0.00014 
1718654918211136             0.00014 0.00028 0.00042 0.00014 0.00028 0.00014 
1718654918216226             0.00014 0.00028 0.00042 0.00014 0.00028 0.00014 
1718654918264726             0.00014 0.00028 0.00042 0.00014 0.00028 0.00014 
1718654918321116             0.00014 0.00028 0.00042 0.00014 0.00028 0.00014 
1718654918334156             0.00014 0.00028 0.00042 0.00014 0.00028 0.00014 
1718654918367106             0.00014 0.00028 0.00042 0.00014 0.00028 0.00014 
1718654918370776             0.00014 0.00028 0.00042 0.00014 0.00028 0.00014 
1718654918413666             0.00014 0.00028 0.00042 0.00014 0.00028 0.00014 
1718654918421126             0.00014 0.00028 0.00042 0.00014 0.00028 0.00014 
1718654918489746             0.00014 0.00028 0.00042 0.00014 0.00028 0.00014 
1718654918511916             0.00014 0.00028 0.00042 0.00014 0.00028 0.00014 
1718654918579056             0.00014 0.00028 0.00042 0.00014 0.00028 0.00014 
1718654918646366             0.00014 0.00028 0.00042 0.00014 0.00028 0.00014 
1718654918745646             0.00014 0.00028 0.00042 0.00014 0.00028 0.00014 
1718654918787666             0.00014 0.00028 0.00042 0.00014 0.00028 0.00014 
1718654918816386             0.00014 0.00028 0.00042 0.00014 0.00028 0.00014 
1718654918885306             0.00014 0.00028 0.00042 0.00014 0.00028 0.00014 
1718654918899046             0.00014 0.00028 0.00042 0.00014 0.00028 0.00014 
1718654918911746             0.00014 0.00028 0.00042 0.00014 0.00028 0.00014 
1718654918922506             0.00014 0.00028 0.00042 0.00014 0.00028 0.00014 
1718654918932386             0.00014 0.00028 0.00042 0.00014 0.00028 0.00014 
1718654918952646             0.00014 0.00028 0.00042 0.00014 0.00028 0.00014 
1718654918974396             0.00014 0.00028 0.00042 0.00014 0.00028 0.00014 
1718654918976196             0.00014 0.00028 0.00042 0.00014 0.00028 0.00014 
1718654919000006             0.00014 0.00028 0.00042 0.00014 0.00028 0.00014 
1718654919010546             0.00014 0.00028 0.00042 0.00014 0.00028 0.00014 
1718654919034146             0.00014 0.00028 0.00042 0.00014 0.00028 0.00014 
1718654919034686             0.00014 0.00028 0.00042 0.00014 0.00028 0.00014 
1718654919077416             0.00014 0.00028 0.00042 0.00014 0.00028 0.00014 
1718654919102096             0.00014 0.00028 0.00042 0.00014 0.00028 0.00014 
1718654919143756             0.00014 0.00028 0.00042 0.00014 0.00028 0.00014 
1718654919167576             0.00014 0.00028 0.00042 0.00014 0.00028 0.00014 
1718654919197786             0.00014 0.00028 0.00042 0.00014 0.00028 0.00014 
1718654919244366             0.00014 0.00028 0.00042 0.00014 0.00028 0.00014 
1718654919300106             0.00014 0.00028 0.00042 0.00014 0.00028 0.00014 
1718654919311606             0.00014 0.00028 0.00042 0.00014 0.00028 0.00014 
1718654919332336             0.00014 0.00028 0.00042 0.00014 0.00028 0.00014 
1718654919389166             0.00014 0.00028 0.00042 0.00014 0.00028 0.00014 
1718654919401106             0.00014 0.00028 0.00042 0.00014 0.00028 0.00014 
1718654919421716             0.00014 0.00028 0.00042 0.00014 0.00028 0.00014 
1718654919479616             0.00014 0.00028 0.00042 0.00014 0.00028 0.00014 
1718654919532136             0.00014 0.00028 0.00042 0.00014 0.00028 0.00014 
1718654919544006             0.00014 0.00028 0.00042 0.00014 0.00028 0.00014 
1718654919567126             0.00014 0.00028 0.00042 0.00014 0.00028 0.00014 
1718654919634766             0.00014 0.00028 0.00042 0.00014 0.00028 0.00014 
1718654919654936             0.00014 0.00028 0.00042 0.00014 0.00028 0.00014 
1718654919698586             0.00014 0.00028 0.00042 0.00014 0.00028 0.00014 
1718654919742886             0.00014 0.00028 0.00042 0.00014 0.00028 0.00014 
1718654919798326             0.00014 0.00028 0.00042 0.00014 0.00028 0.00014 
1718654919798566               1e-05 1e-05 0.00042 0 1e-05 1e-05 
1718654919809756             0.00014 0.00028 0.00042 0.00014 0.00028 0.00014 
1718654919825996             0.00014 0.00028 0.00042 0.00014 0.00028 0.00014 
1718654919830086             0.00014 0.00028 0.00042 0.00014 0.00028 0.00014 
1718654919844096             0.00014 0.00028 0.00042 0.00014 0.00028 0.00014 
1718654919853626             0.00014 0.00028 0.00042 0.00014 0.00028 0.00014 
1718654919859356             0.00014 0.00028 0.00042 0.00014 0.00028 0.00014 
1718654919877726             0.00014 0.00028 0.00042 0.00014 0.00028 0.00014 
1718654919899466             0.00014 0.00028 0.00042 0.00014 0.00028 0.00014 
1718654919956356             0.00014 0.00028 0.00042 0.00014 0.00028 0.00014 
1718654920002946             0.00014 0.00028 0.00042 0.00014 0.00028 0.00014 
1718654920086366             0.00014 0.00028 0.00042 0.00014 0.00028 0.00014 
1718654920120136             0.00014 0.00028 0.00042 0.00014 0.00028 0.00014 
1718654920135746             0.00014 0.00028 0.00042 0.00014 0.00028 0.00014 
1718654920181756             0.00014 0.00028 0.00042 0.00014 0.00028 0.00014 
1718654920200566             0.00014 0.00028 0.00042 0.00014 0.00028 0.00014 
1718654920259196             0.00014 0.00028 0.00042 0.00014 0.00028 0.00014 
1718654920274126             0.00014 0.00028 0.00042 0.00014 0.00028 0.00014 
1718654920274966             0.00014 0.00028 0.00042 0.00014 0.00028 0.00014 
1718654920292946             0.00014 0.00028 0.00042 0.00014 0.00028 0.00014 
1718654920296196             0.00014 0.00028 0.00042 0.00014 0.00028 0.00014 
1718654920313506             0.00014 0.00028 0.00042 0.00014 0.00028 0.00014 
1718654920315196             0.00014 0.00028 0.00042 0.00014 0.00028 0.00014 
1718654920327876             0.00014 0.00028 0.00042 0.00014 0.00028 0.00014 
1718654920342416             0.00014 0.00028 0.00042 0.00014 0.00028 0.00014 
1718654920344506             0.00014 0.00028 2e-05 0.00014 0.00028 0.00014 
1718654920355566             0.00014 0.00028 0.00042 0.00014 0.00028 0.00014 
1718654920366076             0.00014 0.00028 0.00042 0.00014 0.00028 0.00014 
1718654920373816             0.00014 0.00028 0.00042 0.00014 0.00028 0.00014 
1718654920390456             0.00014 1e-05 0 0.00014 0.00028 -1e-05 
1718654920394176              -1e-05 0 -1e-05 -2e-05 1e-05 0.00014 
1718654920412836             0.00014 0.00028 0.00042 0.00014 0.00028 0.00014 
1718654920419036             0.00014 0 0.00042 0.00014 0 0.00014 
1718654920423806             0.00014 0.00028 0.00042 0.00014 0.00028 0.00014 
1718654920436296             0.00014 0.00028 0.00042 0.00014 0.00028 0.00014 
1718654920452346             0.00014 0.00028 0.00042 0.00014 0.00028 0.00014 
1718654920454226             0.00014 0.00028 0.00042 0 0.00028 -1e-05 
1718654920471896             0.00014 0.00028 0.00042 0.00014 0.00028 0.00014 
1718654920475536             0.00014 0.00028 0.00042 0.00014 0.00028 0.00014 
1718654920491326             0.00014 0.00028 0.00042 0.00014 0.00028 0.00014 
1718654920494776             0.00014 0.00028 0.00042 0.00014 0.00028 0.00014 
1718654920503386             0.00014 0.00028 0.00042 0.00014 0.00028 0.00014 
1718654920518496             0.00014 0.00028 0.00042 0.00014 0.00028 0.00014 
1718654920524446             0.00014 0.00028 0.00042 0.00014 0.00028 0.00014 
1718654920540346             0.00014 0.00028 0.00042 0.00014 0.00028 0.00014 
1718654920551576             0.00014 0.00028 0.00042 0.00014 0.00028 0.00014 
1718654920553986             0.00014 0.00028 0.00042 0.00014 0.00028 0.00014 
1718654920569226             0.00014 1e-05 0 0.00014 0.00028 -1e-05 
1718654920574106              -1e-05 0.00028 0 0.00014 1e-05 -1e-05 
1718654920583676             0.00014 0.00028 0.00042 0.00014 0.00028 0.00014 
1718654920592356             0.00014 0.00028 0.00042 0.00014 0.00028 0.00014 
1718654920603636             0.00014 0.00028 0.00042 0.00014 0.00028 0.00014 
1718654920612906             0.00014 0.00028 0.00042 0.00014 0.00028 0.00014 
1718654920626836             0.00014 0.00028 0.00042 0.00014 0.00028 0.00014 
1718654920639056             0.00014 0.00028 0.00042 0.00014 0.00028 0.00014 
1718654920651456             0.00014 0.00028 0.00042 0.00014 0.00028 0.00014 
1718654920651536             0.00014 0.00028 0.00042 0.00014 0.00028 0.00014 
1718654920667936             0.00014 0.00028 0.00042 0.00014 0.00028 0.00014 
1718654920674666             0.00014 0.00028 0.00042 0.00014 0.00028 0.00014 
1718654920686626             0.00014 0.00028 0.00042 0.00014 0.00028 0.00014 
1718654920691176             0.00014 0.00028 0.00042 0.00014 0.00028 0.00014 
1718654920703946             0.00014 0.00028 0.00042 0.00014 0.00028 0.00014 
1718654920721426             0.00014 0.00028 0.00042 0.00014 0.00028 0.00014 
1718654920740626             0.00014 0.00028 0.00042 0.00014 0.00028 0.00014 
1718654920750536             0.00014 0.00028 0.00042 0.00014 0.00028 0.00014 
1718654920754996             0.00014 0.00028 0.00042 0.00014 0.00028 0.00014 
1718654920779626             0.00027 0.00054 0.00081 0.00027 0.00054 0.00027 
1718654920791636             0.00027 0.00054 0.00081 0.00027 0.00054 0.00027 
1718654920809396             0.00027 0.00054 0.00081 0.00027 0.00054 0.00027 
1718654920811066             0.00027 0.00054 0.00081 0.00027 0.00054 0.00027 
1718654920827536             0.00027 0.00054 0.00081 0.00027 0.00054 0.00027 
1718654920832876             0.00027 0.00054 0.00081 0.00027 0.00054 0.00027 
1718654920847096             0.00027 0.00054 0.00081 0.00027 0.00054 0.00027 
1718654920855506             0.00027 0.00054 0.00081 0.00027 0.00054 0.00027 
1718654920862146             0.00027 0.00054 0.00081 0.00027 0.00054 0.00027 
1718654920869936             0.00027 0.00054 0.00081 0.00027 0.00054 0.00027 
1718654920900596             0.00027 0.00054 0.00081 0.00027 0.00054 0.00027 
1718654920916146             0.00027 0.00054 0.00081 0.00027 0.00054 0.00027 
1718654920921686             0.00027 0.00054 0.00081 0.00027 0.00054 0.00027 
1718654920934356             0.00027 0.00054 0.00081 0.00027 0.00054 0.00027 
1718654920956696             0.00027 0.00054 0.00081 0.00027 0.00054 0.00027 
1718654920959386             0.00027 0.00054 0.00081 0.00027 0.00054 0.00027 
1718654920987366             0.00027 0.00054 0.00081 0.00027 0.00054 0.00027 
1718654920993276             0.00027 0.00054 0.00081 0.00027 0.00054 0.00027 
1718654921000266             0.00027 0.00054 0.00081 0.00027 0.00054 0.00027 
1718654921017276             0.00027 0.00054 0.00081 0.00027 0.00054 0.00027 
1718654921046506             0.00027 0.00054 0.00081 0.00027 0.00054 0.00027 
1718654921056026             0.00027 0.00054 0.00081 0.00027 0.00054 0.00027 
1718654921066366             0.00027 0.00054 0.00081 0.00027 0.00054 0.00027 
1718654921082216             0.00027 0.00054 0.00081 0.00027 0.00054 0.00027 
1718654921089846             0.00027 0.00054 0.00081 0.00027 0.00054 0.00027 
1718654921113066             0.00027 0.00054 0.00081 0.00027 0.00054 0.00027 
1718654921124936             0.00027 0.00054 0.00081 0.00027 0.00054 0.00027 
1718654921127966             0.00027 0.00054 0.00081 0.00027 0.00054 0.00027 
1718654921154436             0.00027 0.00054 0.00081 0.00027 0.00054 0.00027 
1718654921157516             0.00027 0.00054 0.00081 0.00027 0.00054 0.00027 
1718654921169786             0.00027 0.00054 0.00081 0.00027 0.00054 0.00027 
1718654921200706             0.00027 0.00054 0.00081 0.00027 0.00054 0.00027 
1718654921217566             0.00027 0.00054 0.00081 0.00027 0.00054 0.00027 
1718654921233306             0.00027 0.00054 0.00081 0.00027 0.00054 0.00027 
1718654921269566             0.00027 0.00054 0.00081 0.00027 0.00054 0.00027 
1718654921291316             0.00027 0.00054 0.00081 0.00027 0.00054 0.00027 
1718654921302636             0.00027 0.00054 0.00081 0.00027 0.00054 0.00027 
1718654921311436             0.00027 0.00054 0.00081 0.00027 0.00054 0.00027 
1718654921334156             0.00027 0.00054 0.00081 0.00027 0.00054 0.00027 
1718654921353746             0.00027 0.00054 0.00081 0.00027 0.00054 0.00027 
1718654921367956             0.00027 0.00054 0.00081 0.00027 0.00054 0.00027 
1718654921378596             0.00027 0.00054 0.00081 0.00027 0.00054 0.00027 
1718654921392926             0.00027 0.00054 0.00081 0.00027 0.00054 0.00027 
1718654921399516             0.00027 0.00054 0.00081 0.00027 0.00054 0.00027 
1718654921410646             0.00027 0.00054 0.00081 0.00027 0.00054 0.00027 
1718654921447796             0.00027 0.00054 0.00081 0.00027 0.00054 0.00027 
1718654921455076             0.00027 0.00054 0.00081 0.00027 0.00054 0.00027 
1718654921476166             0.00027 0.00054 0.00081 0.00027 0.00054 0.00027 
1718654921501636             0.00027 0.00054 0.00081 0.00027 0.00054 0.00027 
1718654921523786             0.00027 0.00054 0.00081 0.00027 0.00054 0.00027 
1718654921567826             0.00027 0.00054 0.00081 0.00027 0.00054 0.00027 
1718654921578096             0.00027 0.00054 0.00081 0.00027 0.00054 0.00027 
1718654921610916             0.00027 0.00054 0.00081 0.00027 0.00054 0.00027 
1718654921633936             0.00027 0.00054 0.00081 0.00027 0.00054 0.00027 
1718654921656616             0.00027 0.00054 0.00081 0.00027 0.00054 0.00027 
1718654921674606             0.00027 0.00054 0.00081 0.00027 0.00054 0.00027 
1718654921701706             0.00027 0.00054 0.00081 0.00027 0.00054 0.00027 
1718654921721986             0.00027 0.00054 0.00081 0.00027 0.00054 0.00027 
1718654921740266             0.00027 0.00054 0.00081 0.00027 0.00054 0.00027 
1718654921768846             0.00027 0.00054 0.00081 0.00027 0.00054 0.00027 
1718654921777906             0.00027 0.00054 0.00081 0.00027 0.00054 0.00027 
1718654921813536             0.00027 0.00054 0.00081 0.00027 0.00054 0.00027 
1718654921843786             0.00027 0.00054 0.00081 0.00027 0.00054 0.00027 
1718654921856436             0.00027 0.00054 0.00081 0.00027 0.00054 0.00027 
1718654921864966             0.00027 0.00054 0.00081 0.00027 0.00054 0.00027 
1718654921880986             0.00027 0.00054 0.00081 0.00027 0.00054 0.00027 
1718654921890666             0.00027 0.00054 0.00081 0.00027 0.00054 0.00027 
1718654921900586             0.00027 0.00054 0.00081 0.00027 0.00054 0.00027 
1718654921922876             0.00027 0.00054 0.00081 0.00027 0.00054 0.00027 
1718654921932826             0.00027 0.00054 0.00081 0.00027 0.00054 0.00027 
1718654921955526             0.00027 0.00054 0.00081 0.00027 0.00054 0.00027 
1718654921978796             0.00027 0.00054 0.00081 0.00027 0.00054 0.00027 
1718654922000566             0.00027 0.00054 0.00081 0.00027 0.00054 0.00027 
1718654922001166             0.00027 0.00054 0.00081 0.00027 0.00054 0.00027 
1718654922019336             0.00027 0.00054 0.00081 0.00027 0.00054 0.00027 
1718654922020906             0.00027 0.00054 0.00081 0.00027 0.00054 0.00027 
1718654922067396             0.00027 0.00054 0.00081 0.00027 0.00054 0.00027 
1718654922088136             0.00027 0.00054 0.00081 0.00027 0.00054 0.00027 
1718654922144226             0.00027 0.00054 0.00081 0.00027 0.00054 0.00027 
1718654922157146             0.00027 0.00054 0.00081 0.00027 0.00054 0.00027 
1718654922199646             0.00027 0.00054 0.00081 0.00027 0.00054 0.00027 
1718654922220526             0.00027 0.00054 0.00081 0.00027 0.00054 0.00027 
1718654922245296             0.00027 0.00054 0.00081 0.00027 0.00054 0.00027 
1718654922266296             0.00027 0.00054 0.00081 0.00027 0.00054 0.00027 
1718654922331156             0.00027 0.00054 0.00081 0.00027 0.00054 0.00027 
1718654922344966             0.00027 0.00054 0.00081 0.00027 0.00054 0.00027 
1718654922365376             0.00027 0.00054 0.00081 0.00027 0.00054 0.00027 
1718654922387266             0.00027 0.00054 0.00081 0.00027 0.00054 0.00027 
1718654922429926             0.00027 0.00054 0.00081 0.00027 0.00054 0.00027 
1718654922453766             0.00027 0.00054 0.00081 0.00027 0.00054 0.00027 
1718654922478916             0.00027 0.00054 0.00081 0.00027 0.00054 0.00027 
1718654922542476             0.00027 0.00054 0.00081 0.00027 0.00054 0.00027 
1718654922561696             0.00027 0.00054 0.00081 0.00027 0.00054 0.00027 
1718654922575356             0.00027 0.00054 0.00081 0.00027 0.00054 0.00027 
1718654922577766             0.00027 0.00054 0.00081 0.00027 0.00054 0.00027 
1718654922589236             0.00027 0.00054 0.00081 0.00027 0.00054 0.00027 
1718654922625696             0.00027 0.00054 0.00081 0.00027 0.00054 0.00027 
1718654922643266             0.00027 0.00054 0.00081 0.00027 0.00054 0.00027 
1718654922661766             0.00027 0.00054 0.00081 0.00027 0.00054 0.00027 
1718654922665616             0.00027 0.00054 0.00081 0.00027 0.00054 0.00027 
1718654922684876             0.00027 0.00054 0.00081 0.00027 0.00054 0.00027 
1718654922686966             0.00027 0.00054 0.00081 0.00027 0.00054 0.00027 
1718654922695696             0.00027 0.00054 0.00081 0.00027 0.00054 0.00027 
1718654922710346             0.00027 0.00054 0.00081 0.00027 0.00054 0.00027 
1718654922731986             0.00027 0.00054 0.00081 0.00027 0.00054 0.00027 
1718654922749346             0.00027 0.00054 0.00081 0.00027 0.00054 0.00027 
1718654922757256             0.00027 0.00054 0.00081 0.00027 0.00054 0.00027 
1718654922775866             0.00027 0.00054 0.00081 0.00027 0.00054 0.00027 
1718654922798356             0.00027 0.00054 0.00081 0.00027 0.00054 0.00027 
1718654922830696             0.00027 0.00054 0.00081 0.00027 0.00054 0.00027 
1718654922845936             0.00027 0.00054 0.00081 0.00027 0.00054 0.00027 
1718654922875486             0.00027 0.00054 0.00081 0.00027 0.00054 0.00027 
1718654922896356             0.00027 0.00054 0.00081 0.00027 0.00054 0.00027 
1718654922911036             0.00027 0.00054 0.00081 0.00027 0.00054 0.00027 
1718654922931786             0.00027 0.00054 0.00081 0.00027 0.00054 0.00027 
1718654922964476             0.00027 0.00054 0.00081 0.00027 0.00054 0.00027 
1718654922976386             0.00027 0.00054 0.00081 0.00027 0.00054 0.00027 
1718654922988256             0.00027 0.00054 0.00081 0.00027 0.00054 0.00027 
1718654923051846             0.00027 0.00054 0.00081 0.00027 0.00054 0.00027 
1718654923053186             0.00027 0.00054 0.00081 0.00027 0.00054 0.00027 
1718654923132406             0.00027 0.00054 0.00081 0.00027 0.00054 0.00027 
1718654923152466             0.00027 0.00054 0.00081 0.00027 0.00054 0.00027 
1718654923184646             0.00027 0.00054 0.00081 0.00027 0.00054 0.00027 
1718654923197276             0.00027 0.00054 0.00081 0.00027 0.00054 0.00027 
1718654923239076             0.00027 0.00054 0.00081 0.00027 0.00054 0.00027 
1718654923265836             0.00027 0.00054 0.00081 0.00027 0.00054 0.00027 
1718654923271986             0.00027 0.00054 0.00081 0.00027 0.00054 0.00027 
1718654923309706             0.00027 0.00054 0.00081 0.00027 0.00054 0.00027 
1718654923319576             0.00027 0.00054 0.00081 0.00027 0.00054 0.00027 
1718654923334716             0.00027 0.00054 0.00081 0.00027 0.00054 0.00027 
1718654923355216             0.00027 0.00054 0.00081 0.00027 0.00054 0.00027 
1718654923386076             0.00027 0.00054 0.00081 0.00027 0.00054 0.00027 
1718654923402596             0.00027 0.00054 0.00081 0.00027 0.00054 0.00027 
1718654923518836             0.00027 0.00054 0.00081 0.00027 0.00054 0.00027 
1718654923542136             0.00027 0.00054 0.00081 0.00027 0.00054 0.00027 
1718654923676616             0.00027 0.00054 0.00081 0.00027 0.00054 0.00027 
1718654923708376             0.00027 0.00054 0.00081 0.00027 0.00054 0.00027 
1718654923717436             0.00027 0.00054 0.00081 0.00027 0.00054 0.00027 
1718654923753486             0.00027 0.00054 0.00081 0.00027 0.00054 0.00027 
1718654923807436             0.00027 0.00054 0.00081 0.00027 0.00054 0.00027 
1718654923893876             0.00027 0.00054 0.00081 0.00027 0.00054 0.00027 
1718654923916926             0.00027 0.00054 0.00081 0.00027 0.00054 0.00027 
1718654923939696             0.00027 0.00054 0.00081 0.00027 0.00054 0.00027 
1718654924007276             0.00027 0.00054 0.00081 0.00027 0.00054 0.00027 
1718654924030696             0.00027 0.00054 0.00081 0.00027 0.00054 0.00027 
1718654924047526             0.00027 0.00054 0.00081 0.00027 0.00054 0.00027 
1718654924061836             0.00027 0.00054 0.00081 0.00027 0.00054 0.00027 
1718654924085576             0.00027 0.00054 0.00081 0.00027 0.00054 0.00027 
1718654924106696             0.00027 0.00054 0.00081 0.00027 0.00054 0.00027 
1718654924128706             0.00027 0.00054 0.00081 0.00027 0.00054 0.00027 
1718654924162486             0.00027 0.00054 0.00081 0.00027 0.00054 0.00027 
1718654924181796             0.00027 0.00054 0.00081 0.00027 0.00054 0.00027 
1718654924192506             0.00027 0.00054 0.00081 0.00027 0.00054 0.00027 
1718654924202636             0.00027 0.00054 0.00081 0.00027 0.00054 0.00027 
1718654924205016             0.00027 0.00054 0.00081 0.00027 0.00054 0.00027 
1718654924220966             0.00027 0.00054 0.00081 0.00027 0.00054 0.00027 
1718654924225376             0.00027 0.00054 0.00081 0.00027 0.00054 0.00027 
1718654924242216             0.00027 0.00054 0.00081 0.00027 0.00054 0.00027 
1718654924247916             0.00027 0.00054 0.00081 0.00027 0.00054 0.00027 
1718654924252566             0.00027 0.00054 0.00081 0.00027 0.00054 0.00027 
1718654924266296             0.00027 0.00054 0.00081 0.00027 0.00054 0.00027 
1718654924274176             0.00027 0.00054 0.00081 0.00027 0.00054 0.00027 
1718654924285306             0.00027 0.00054 0.00081 0.00027 0.00054 0.00027 
1718654924298656             0.00027 0.00054 0.00081 0.00027 0.00054 0.00027 
1718654924302756             0.00027 0.00054 0.00081 0.00027 0.00054 0.00027 
1718654924318396             0.00027 0.00054 0.00081 0.00027 0.00054 0.00027 
1718654924330856             0.00027 0.00054 0.00081 0.00027 0.00054 0.00027 
1718654924335956                   0 0.00054 0.00081 0.00027 0.00054 0.00027 
1718654924349426                   0 0 0 0 0 0 
1718654924351666                   0 0 0.00081 0 0.00054 0.00027 
1718654924369316             0.00027 0.00054 0.00081 0.00027 0.00054 0.00027 
1718654924381306             0.00027 0.00054 0.00081 0.00027 0.00054 0.00027 
1718654924385276             0.00027 0.00054 0.00081 0.00027 0.00054 0.00027 
1718654924392856             0.00027 0.00054 0.00081 0.00027 0.00054 0.00027 
1718654924407856             0.00027 0.00054 0.00081 0.00027 0.00054 0.00027 
1718654924411716             0.00027 0.00054 0.00081 0.00027 0.00054 0.00027 
1718654924425896             0.00027 0 0.00081 0.00027 0.00054 0.00027 
1718654924440436             0.00027 0.00054 0.00081 0.00027 0.00054 0.00027 
1718654924448796             0.00027 0.00054 0.00081 0.00027 0.00054 0.00027 
1718654924455516             0.00027 0.00054 0.00081 0.00027 0.00054 0.00027 
1718654924468046             0.00027 0.00054 0.00081 0.00027 0.00054 0.00027 
1718654924473966             0.00027 0.00054 0.00081 0.00027 0.00054 0.00027 
1718654924482796             0.00027 0.00054 0.00081 0.00027 0.00054 0.00027 
1718654924499466             0.00027 0.00054 0.00081 1e-05 0.00054 1e-05 
1718654924502236               1e-05 0.00054 0.00081 0 0.00054 1e-05 
1718654924512176                   0 0.00054 0.00081 0.00027 0.00054 0.00027 
1718654924528476             0.00027 0.00054 0.00081 0.00027 0.00054 0.00027 
1718654924535026             0.00027 0.00054 0.00081 0.00027 0.00054 0.00027 
1718654924548426             0.00027 0.00054 0.00081 0.00027 0.00054 0.00027 
1718654924554446             0.00027 0.00054 0.00081 0.00027 0.00054 0.00027 
1718654924567046             0.00027 0.00054 0.00081 0.00027 0.00054 0.00027 
1718654924573346             0.00027 0.00054 0.00081 0.00027 0.00054 0.00027 
1718654924587236             0.00027 0.00054 0.00081 0.00027 0.00054 0.00027 
1718654924590556             0.00027 0.00054 0.00081 0.00027 0.00054 0.00027 
1718654924606446             0.00027 0.00054 0.00081 0.00027 0.00054 0.00027 
1718654924617546             0.00027 0.00054 0.00081 0.00027 0.00054 0.00027 
1718654924627846             0.00027 0.00054 0.00081 0.00027 0.00054 0.00027 
1718654924629946             0.00027 0.00054 0.00081 0.00027 0.00054 0.00027 
1718654924642916             0.00027 0.00054 0.00081 0.00027 0.00054 0.00027 
1718654924651716             0.00027 0.00054 0.00081 0.00027 0.00054 0.00027 
1718654924668426             0.00027 0.00054 0.00081 0.00027 0.00054 0.00027 
1718654924672346             0.00027 0.00054 0.00081 0.00027 0.00054 0.00027 
1718654924686246             0.00027 0.00054 0.00081 0.00027 0.00054 0.00027 
1718654924691786             0.00027 0.00054 0.00081 0.00027 0.00054 0.00027 
1718654924701796             0.00027 0.00054 0.00081 0.00027 0.00054 0.00027 
1718654924716096             0.00027 0.00054 0.00081 0.00027 0.00054 0.00027 
1718654924719226             0.00027 0.00054 0.00081 0.00027 0.00054 0.00027 
1718654924729576             0.00027 0.00054 0.00081 0.00027 0.00054 0.00027 
1718654924742116             0.00027 0.00054 0.00081 0.00027 0.00054 0.00027 
1718654924754946             0.00027 0.00054 0.00081 0.00027 0.00054 0.00027 
1718654924758586             0.00027 0.00054 0.00081 0.00027 0.00054 0.00027 
1718654924775426             0.00027 0.00054 0.00081 0.00027 0.00054 0.00027 
1718654924784056             0.00027 0.00054 0.00081 0.00027 0.00054 0.00027 
1718654924801846             0.00027 0.00054 0.00081 0.00027 0.00054 0.00027 
1718654924812786             0.00027 0.00054 0.00081 0.00027 0.00054 0.00027 
1718654924827756             0.00027 0.00054 0.00081 0.00027 0.00054 0.00027 
1718654924829806             0.00027 0.00054 0.00081 0.00027 0.00054 0.00027 
1718654924850886             0.00027 0.00054 0.00081 0.00027 0.00054 0.00027 
1718654924870486             0.00027 0.00054 0.00081 0.00027 0.00054 0.00027 
1718654924884736             0.00027 0.00054 0.00081 0.00027 0.00054 0.00027 
1718654924893106             0.00027 0.00054 0.00081 0.00027 0.00054 0.00027 
1718654924941466             0.00027 0.00054 0.00081 0.00027 0.00054 0.00027 
1718654924984116             0.00027 0.00054 0.00081 0.00027 0.00054 0.00027 
1718654925004786             0.00027 0.00054 0.00081 0.00027 0.00054 0.00027 
1718654925033936             0.00027 0.00054 0.00081 0.00027 0.00054 0.00027 
1718654925040566             0.00027 0.00054 0.00081 0.00027 0.00054 0.00027 
1718654925051796             0.00027 0.00054 0.00081 0.00027 0.00054 0.00027 
1718654925063116             0.00027 0.00054 0.00081 0.00027 0.00054 0.00027 
1718654925067876             0.00027 0.00054 0.00081 0.00027 0.00054 0.00027 
1718654925106106             0.00027 0.00054 0.00081 0.00027 0.00054 0.00027 
1718654925126166             0.00027 0.00054 0.00081 0.00027 0.00054 0.00027 
1718654925137446             0.00027 0.00054 0.00081 0.00027 0.00054 0.00027 
1718654925148416             0.00027 0.00054 0.00081 0.00027 0.00054 0.00027 
1718654925216796             0.00027 0.00054 0.00081 0.00027 0.00054 0.00027 
1718654925269576             0.00027 0.00054 0.00081 0.00027 0.00054 0.00027 
1718654925275866             0.00027 0.00054 0.00081 0.00027 0.00054 0.00027 
1718654925294936             0.00027 0.00054 0.00081 0.00027 0.00054 0.00027 
1718654925320376             0.00027 0.00054 0.00081 0.00027 0.00054 0.00027 
1718654925337816             0.00027 0.00054 0.00081 0.00027 0.00054 0.00027 
1718654925349656             0.00027 0.00054 0.00081 0.00027 0.00054 0.00027 
1718654925368646             0.00027 0.00054 0.00081 0.00027 0.00054 0.00027 
1718654925373946             0.00027 0.00054 0.00081 0.00027 0.00054 0.00027 
1718654925385176             0.00027 0.00054 0.00081 0.00027 0.00054 0.00027 
1718654925430616             0.00027 0.00054 0.00081 0.00027 0.00054 0.00027 
1718654925433956             0.00027 0.00054 0.00081 0.00027 0.00054 0.00027 
1718654925460986             0.00027 0.00054 0.00081 0.00027 0.00054 0.00027 
1718654925479786             0.00027 0.00054 0.00081 0.00027 0.00054 0.00027 
1718654925492006             0.00027 0.00054 0.00081 0.00027 0.00054 0.00027 
1718654925517796             0.00027 0.00054 0.00081 0.00027 0.00054 0.00027 
1718654925526976             0.00027 0.00054 0.00081 0.00027 0.00054 0.00027 
1718654925549416             0.00027 0.00054 0.00081 0.00027 0.00054 0.00027 
1718654925629996             0.00027 0.00054 0.00081 0.00027 0.00054 0.00027 
1718654925650516             0.00027 0.00054 0.00081 0.00027 0.00054 0.00027 
1718654925670926             0.00027 0.00054 0.00081 0.00027 0.00054 0.00027 
1718654925704896             0.00027 0.00054 0.00081 0.00027 0.00054 0.00027 
1718654925725156             0.00027 0.00054 0.00081 0.00027 0.00054 0.00027 
1718654925748156             0.00027 0.00054 0.00081 0.00027 0.00054 0.00027 
1718654925751106             0.00027 0.00054 0.00081 0.00027 0.00054 0.00027 
1718654925781816             0.00027 0.00054 0.00081 0.00027 0.00054 0.00027 
1718654925794426             0.00027 0.00054 0.00081 0.00027 0.00054 0.00027 
1718654925805786             0.00027 0.00054 0.00081 0.00027 0.00054 0.00027 
1718654925817556             0.00027 0.00054 0.00081 0.00027 0.00054 0.00027 
1718654925826166             0.00027 0.00054 0.00081 0.00027 0.00054 0.00027 
